Maximum effective areas per pixel (cm^2/pixel) for rays singly reflected from H at 5 keV
Max eff area numbers multiplied by 10^8
Off-axis source along detector diagonal

Pre-collimator blade length  =  0.  inches
Columns are off-axis angle in arcmin followed by shell numbers
theta   1       2       3       4       5       6       7       8       9      10
 0.  0.  0.  0.  0.  0.  0.  0.  0.  0.  0. 
 2.  0.  0.  0.  0.  0.  0.  0.  0.  0.  0. 
 4.  0.  0.  0.  0.  0.  0.  0.  0.  0.  0. 
 6.  0.  0.  0.  0.  0.  0.  0.  0.  0.  0. 
 8.  0.  0.  0.  0.  0.  0.  0.  0.  0.  0. 
 10.  0.  0.  0.  0.  0.  0.  0.  0.  0.  0. 
 12.  0.  0.  0.  0.  0.  0.  0.  0.  0.  0. 
 14.  0.  0.  0.  0.  0.  0.  0.  0.  0.  463382. 
 16.  0.  0.  0.  0.  0.  0.  0.  0.  222826.  305509. 
 18.  0.  0.  0.  0.  0.  0.  0.  184660.  212283.  217087. 
 20.  0.  0.  0.  0.  0.  0.  175528.  189092.  182701.  159206. 
 22.  0.  0.  0.  0.  0.  123112.  179838.  139789.  153086.  193774. 
 24.  0.  0.  0.  0.  153764.  197863.  147202.  178337.  171987.  180235. 
 26.  0.  0.  0.  126046.  197562.  147492.  188283.  182564.  157649.  133482. 
 28.  0.  0.  115034.  171891.  181513.  169704.  173024.  129676.  107247.  67656. 
 30.  0.  150191.  142122.  197852.  165235.  153706.  135805.  112985.  72418.  0. 
 
Pre-collimator blade length  =  3.  inches
Columns are off-axis angle in arcmin followed by shell numbers
theta   1       2       3       4       5       6       7       8       9      10
 0.  0.  0.  0.  0.  0.  0.  0.  0.  0.  0. 
 2.  0.  0.  0.  0.  0.  0.  0.  0.  0.  0. 
 4.  0.  0.  0.  0.  0.  0.  0.  0.  0.  0. 
 6.  0.  0.  0.  0.  0.  0.  0.  0.  0.  0. 
 8.  0.  0.  0.  0.  0.  0.  0.  0.  0.  0. 
 10.  0.  0.  0.  0.  0.  0.  0.  0.  0.  0. 
 12.  0.  0.  0.  0.  0.  0.  0.  0.  0.  0. 
 14.  0.  0.  0.  0.  0.  0.  0.  0.  0.  463389. 
 16.  0.  0.  0.  0.  0.  0.  0.  0.  286618.  258549. 
 18.  0.  0.  0.  0.  0.  0.  0.  218159.  212061.  249172. 
 20.  0.  0.  0.  0.  0.  0.  210325.  171536.  183395.  159905. 
 22.  0.  0.  0.  0.  0.  158293.  161451.  192547.  202381.  160891. 
 24.  0.  0.  0.  0.  153627.  144110.  146258.  125668.  155883.  114681. 
 26.  0.  0.  0.  146807.  118434.  128709.  149640.  145035.  87395.  0. 
 28.  0.  48227.  160234.  172262.  121281.  94219.  114840.  55500.  0.  0. 
 30.  0.  124904.  141490.  110040.  122901.  19065.  19279.  0.  0.  0. 
 
Pre-collimator blade length  =  6.  inches
Columns are off-axis angle in arcmin followed by shell numbers
theta   1       2       3       4       5       6       7       8       9      10
 0.  0.  0.  0.  0.  0.  0.  0.  0.  0.  0. 
 2.  0.  0.  0.  0.  0.  0.  0.  0.  0.  0. 
 4.  0.  0.  0.  0.  0.  0.  0.  0.  0.  0. 
 6.  0.  0.  0.  0.  0.  0.  0.  0.  0.  0. 
 8.  0.  0.  0.  0.  0.  0.  0.  0.  0.  0. 
 10.  0.  0.  0.  0.  0.  0.  0.  0.  0.  0. 
 12.  0.  0.  0.  0.  0.  0.  0.  0.  0.  0. 
 14.  0.  0.  0.  0.  0.  0.  0.  0.  0.  657781. 
 16.  0.  0.  0.  0.  0.  0.  0.  0.  238611.  244110. 
 18.  0.  0.  0.  0.  0.  0.  0.  184643.  227509.  232814. 
 20.  0.  0.  0.  0.  0.  0.  175110.  154700.  182446.  158989. 
 22.  0.  0.  0.  0.  0.  157887.  161087.  139833.  101606.  128571. 
 24.  0.  0.  0.  0.  115298.  71888.  91904.  88782.  17184.  0. 
 26.  0.  0.  0.  104531.  0.  0.  0.  0.  0.  0. 
 28.  0.  24117.  68768.  0.  0.  0.  0.  0.  0.  0. 
 30.  0.  24916.  0.  0.  0.  0.  0.  0.  0.  0. 
 
Pre-collimator blade length  =  9.  inches
Columns are off-axis angle in arcmin followed by shell numbers
theta   1       2       3       4       5       6       7       8       9      10
 0.  0.  0.  0.  0.  0.  0.  0.  0.  0.  0. 
 2.  0.  0.  0.  0.  0.  0.  0.  0.  0.  0. 
 4.  0.  0.  0.  0.  0.  0.  0.  0.  0.  0. 
 6.  0.  0.  0.  0.  0.  0.  0.  0.  0.  0. 
 8.  0.  0.  0.  0.  0.  0.  0.  0.  0.  0. 
 10.  0.  0.  0.  0.  0.  0.  0.  0.  0.  0. 
 12.  0.  0.  0.  0.  0.  0.  0.  0.  0.  0. 
 14.  0.  0.  0.  0.  0.  0.  0.  0.  0.  568195. 
 16.  0.  0.  0.  0.  0.  0.  0.  0.  286448.  320182. 
 18.  0.  0.  0.  0.  0.  0.  0.  167869.  228168.  201640. 
 20.  0.  0.  0.  0.  0.  0.  105088.  85727.  49653.  63152. 
 22.  0.  0.  0.  0.  0.  0.  0.  0.  0.  0. 
 24.  0.  0.  0.  0.  0.  0.  0.  0.  0.  0. 
 26.  0.  0.  0.  0.  0.  0.  0.  0.  0.  0. 
 28.  0.  0.  0.  0.  0.  0.  0.  0.  0.  0. 
 30.  0.  0.  0.  0.  0.  0.  0.  0.  0.  0. 
 
Pre-collimator blade length  =  12.  inches
Columns are off-axis angle in arcmin followed by shell numbers
theta   1       2       3       4       5       6       7       8       9      10
 0.  0.  0.  0.  0.  0.  0.  0.  0.  0.  0. 
 2.  0.  0.  0.  0.  0.  0.  0.  0.  0.  0. 
 4.  0.  0.  0.  0.  0.  0.  0.  0.  0.  0. 
 6.  0.  0.  0.  0.  0.  0.  0.  0.  0.  0. 
 8.  0.  0.  0.  0.  0.  0.  0.  0.  0.  0. 
 10.  0.  0.  0.  0.  0.  0.  0.  0.  0.  0. 
 12.  0.  0.  0.  0.  0.  0.  0.  0.  0.  0. 
 14.  0.  0.  0.  0.  0.  0.  0.  0.  0.  463568. 
 16.  0.  0.  0.  0.  0.  0.  0.  0.  254327.  243165. 
 18.  0.  0.  0.  0.  0.  0.  0.  50208.  0.  0. 
 20.  0.  0.  0.  0.  0.  0.  0.  0.  0.  0. 
 22.  0.  0.  0.  0.  0.  0.  0.  0.  0.  0. 
 24.  0.  0.  0.  0.  0.  0.  0.  0.  0.  0. 
 26.  0.  0.  0.  0.  0.  0.  0.  0.  0.  0. 
 28.  0.  0.  0.  0.  0.  0.  0.  0.  0.  0. 
 30.  0.  0.  0.  0.  0.  0.  0.  0.  0.  0. 
 
