,energy,-9 arc min,-9 arc min err,-7 arc min,-7 arc min err,-5 arc min ,-5 arc min  err,-3 arc min,-3 arc min err,-1 arc min,-1 arc min err,on-axis,on-axis err,+1 arc min,+1 arc min err,+3 arc min,+3 arc min err,+5 arc min,+5 arc min err,+7 arc min ,+7 arc min  err,+9 arc min ,+9 arc min  err
0,-0.3627,0.0,0.0,0.0,0.0,0.0,0.0,0.0,0.0,0.0,0.0,0.0,0.0,0.0,0.0,0.0,0.0,0.0,0.0,0.0,0.0,0.0,0.0
1,-0.25539999999999996,0.0,0.0,0.0,0.0,0.0,0.0,0.0,0.0,0.0,0.0,0.0,0.0,0.0,0.0,0.0,0.0,0.0,0.0,0.0,0.0,0.0,0.0
2,-0.14809999999999995,0.0,0.0,0.0,0.0,0.0,0.0,0.0,0.0,0.0,0.0,0.0,0.0,0.0,0.0,0.0,0.0,0.0,0.0,0.0,0.0,0.0,0.0
3,-0.04079999999999995,0.0,0.0,0.0,0.0,0.0,0.0,0.0,0.0,0.0,0.0,0.0,0.0,0.0,0.0,0.0,0.0,0.0,0.0,0.0,0.0,0.0,0.0
4,0.0665,0.0,0.0,0.0,0.0,0.0,0.0,0.0,0.0,0.0,0.0,0.0,0.0,0.0,0.0,0.0,0.0,0.0,0.0,0.0,0.0,0.0,0.0
5,0.17380000000000007,0.0,0.0,0.0,0.0,0.0,0.0,0.0,0.0,0.0,0.0,0.0,0.0,0.0,0.0,0.0,0.0,0.0,0.0,0.0,0.0,0.0,0.0
6,0.2811000000000001,0.0,0.0,0.0,0.0,0.0,0.0,0.0,0.0,0.0,0.0,0.0,0.0,0.0,0.0,0.0,0.0,0.0,0.0,0.0,0.0,0.0,0.0
7,0.3884000000000001,0.0,0.0,0.0,0.0,0.0,0.0,0.0,0.0,0.0,0.0,0.0,0.0,0.0,0.0,0.0,0.0,0.0,0.0,0.0,0.0,0.0,0.0
8,0.49570000000000003,0.0,0.0,0.0,0.0,0.0,0.0,0.0,0.0,0.0,0.0,0.0,0.0,0.0,0.0,0.0,0.0,0.0,0.0,0.0,0.0,0.0,0.0
9,0.603,0.0,0.0,0.0,0.0,0.0,0.0,0.0,0.0,0.0,0.0,0.0,0.0,0.0,0.0,0.0,0.0,0.0,0.0,0.0,0.0,0.0,0.0
10,0.7103000000000002,0.0,0.0,0.0,0.0,0.0,0.0,0.0,0.0,0.0,0.0,0.0,0.0,0.0,0.0,0.0,0.0,0.0,0.0,0.0,0.0,0.0,0.0
11,0.8176000000000001,0.0,0.0,0.0,0.0,0.0,0.0,0.0,0.0,0.0,0.0,0.0,0.0,0.0,0.0,0.0,0.0,0.0,0.0,0.0,0.0,0.0,0.0
12,0.9249,0.0,0.0,0.0,0.0,0.0,0.0,0.0,0.0,0.0,0.0,0.0,0.0,0.0,0.0,0.0,0.0,0.0,0.0,0.0,0.0,0.0,0.0
13,1.0322000000000002,0.0,0.0,0.0,0.0,0.0,0.0,0.0,0.0,0.0,0.0,0.0,0.0,0.0,0.0,0.0,0.0,0.0,0.0,0.0,0.0,0.0,0.0
14,1.1395000000000002,0.0,0.0,0.0,0.0,0.0,0.0,0.0,0.0,0.0,0.0,0.0,0.0,0.0,0.0,0.0,0.0,0.0,0.0,0.0,0.0,0.0,0.0
15,1.2468000000000001,0.0,0.0,0.0,0.0,0.0,0.0,0.0,0.0,0.0,0.0,0.0,0.0,0.0,0.0,0.0,0.0,0.0,0.0,0.0,0.0,0.0,0.0
16,1.3541,0.0,0.0,0.0,0.0,0.0,0.0,0.0,0.0,0.0,0.0,0.0,0.0,0.0,0.0,0.0,0.0,0.0,0.0,0.0,0.0,0.0,0.0
17,1.4614,0.0,0.0,0.0,0.0,0.0,0.0,0.0,0.0,0.0,0.0,0.0,0.0,0.0,0.0,0.0,0.0,0.0,0.0,0.0,0.0,0.0,0.0
18,1.5687,0.0,0.0,0.0,0.0,0.0,0.0,0.0,0.0,0.0,0.0,0.0,0.0,0.0,0.0,0.0,0.0,0.0,0.0,0.0,0.0,0.0,0.0
19,1.676,0.0,0.0,0.0,0.0,0.0,0.0,0.0,0.0,0.0,0.0,0.0,0.0,0.0,0.0,0.0,0.0,0.0,0.0,0.0,0.0,0.0,0.0
20,1.7833000000000003,0.0,0.0,0.0,0.0,0.0,0.0,0.0,0.0,0.0,0.0,0.0,0.0,0.0,0.0,0.0,0.0,0.0,0.0,0.0,0.0,0.0,0.0
21,1.8906000000000003,0.0,0.0,0.0,0.0,0.0,0.0,0.0,0.0,0.0,0.0,0.0,0.0,0.0,0.0,0.0,0.0,0.0,0.0,0.0,0.0,0.0,0.0
22,1.9979000000000002,5.506766118216584,0.7012551621070504,6.553827281539456,0.8051203215743759,7.174307970915972,0.8662725794826724,9.966471073110297,1.1392056826027674,0.0,0.0,9.772570857680135,1.1203375946434575,10.897192107175073,1.2296471336122061,8.221369134238843,0.9689814988144809,8.298929220410908,0.976569566914436,7.290648100174069,0.8777123062784925,4.9250654719261,0.6430620790146664
23,2.1052,10.857651671087353,1.7920530540171227,14.587379344361633,2.3197905960277265,20.72070929596823,3.183704660557834,23.290077248668293,3.5448815073523376,0.0,0.0,24.036022783323148,3.6496877469127793,23.8702571089554,3.626399231658581,19.974763761313376,3.0787857520032738,16.825215948326203,2.6353869941038206,14.587379344361633,2.3197905960277265,11.68648004292608,1.9095880653664092
24,2.2125000000000004,11.920209643784602,1.9620316944537386,15.132748413031516,2.420605609338538,19.697935085119234,3.070088939070044,19.528854097264137,3.0460633312960486,0.0,0.0,25.19306719041001,3.8501489624477507,23.502257311859,3.610265144918519,21.304204469742693,3.298249616141517,19.021611133698833,2.973975487957794,17.668963230858026,2.7816520472181137,11.328426186291749,1.877332027739396
25,2.3198,10.567561740943795,1.5879724626285225,14.862764255004823,2.139215385490488,13.908274807435706,2.0169872503242936,18.953433316015325,2.6620064745461267,0.0,0.0,20.726056575786544,2.888182189172975,19.021611133698833,2.6707088286744245,16.976276603193583,2.40950104513152,13.635563536701673,1.9820421888599704,12.47654063608203,1.8333941362062676,9.749427928741696,1.4824914598463284
26,2.4271000000000003,13.580441045808623,2.268344783574698,15.289238263493154,2.5196622300079623,19.24645287286785,3.1003815132389874,24.10303443891862,3.811629435993595,0.0,0.0,24.28290783025383,3.8379517581230327,24.28290783025383,3.8379517581230327,23.113730786574944,3.6668348625545506,19.426326264203066,3.1267470452768715,16.188605220169222,2.6517780989288195,14.29993461114948,2.374215689717179
27,2.5344000000000007,11.189183019822844,1.839089553141429,14.338730832810015,2.284686322661463,18.317107017635916,2.8455099588624826,20.554943621600483,3.1603920134367276,0.0,0.0,23.124311574300545,3.5215883835381896,25.85944520136835,3.9058011646412942,24.284671294874762,3.6846187053829653,19.31170106384239,2.9854970857664984,15.33332487901649,2.4250538493582425,13.261253949419668,2.1324592461458978
28,2.6417,9.708947349492114,1.4540010469892968,14.002019306750531,1.9970424463261132,15.12482274172581,2.138535064544161,15.851342611415696,2.230012189126155,0.0,0.0,18.889516611937037,2.612052267416898,17.304382350795468,2.4128163655742036,16.64390974198648,2.32974632814071,17.238335089914568,2.4045109456683176,14.464350132916822,2.0553230813415535,11.161987088871886,1.638272484096487
29,2.7490000000000006,10.144859271306045,1.4976943321482745,13.916665923458293,1.9709415203237215,15.867600398709456,2.2148223793020554,19.24922015581147,2.636721173647656,0.0,0.0,19.639407050861703,2.685352198460952,22.04555957033814,2.9850752381153414,19.83450049838682,2.70966456472866,16.387849592109767,2.279788988886001,13.201323282532867,1.881395782800526,10.339952718831162,1.5222546927781886
30,2.8563,12.183777066029318,1.980025500667466,15.664856227751981,2.471815458782372,21.96395185372632,3.358505001057546,23.62160859740378,3.5914645973046624,0.0,0.0,28.67746166562003,4.301429644402789,27.26845343349419,4.1036401314481985,23.8702571089554,3.626399231658581,21.30088915625534,3.2652876141685443,17.65404432016493,2.752144839833849,14.090082321258397,2.2495731436743682
31,2.9636000000000005,11.918823734048086,1.7761605371566092,15.730075509470439,2.268554436770493,18.294008522027294,2.5988647383492984,21.41230542919104,2.9999922613248087,0.0,0.0,22.7289196788824,3.1692153824807385,24.045533928573754,3.3383729414385073,20.372873126803125,2.866341122561115,17.670349140594546,2.518567902212687,15.730075509470439,2.268554436770493,12.12671019452567,1.8030802588907149
32,3.0709,10.695653398409782,1.5550883862529787,13.001303232797518,1.8422265662050101,16.715961299311097,2.3031011484384623,19.982298564693725,2.707335505095399,0.0,0.0,20.81489433822263,2.810275783758727,23.44077331627533,3.134738356911023,20.110390222159708,2.723174704247685,17.164282100442044,2.3586283390529226,14.986723923520293,2.088754689537661,12.040615801802629,1.7227198775106145
33,3.1782000000000004,9.437078391912602,1.224503753302997,10.813318990733189,1.3751787791554226,14.204769037826779,1.7448241496895727,17.153856035299466,2.0651159942057404,0.0,0.0,19.41482273336186,2.3102458263881607,18.18603648441491,2.17705996638232,18.530096634120053,2.2143602608315955,14.548829187531926,1.7822336749638288,11.747196539932872,1.4771606816728913,9.19132114212321,1.197537812180285
34,3.2855,11.907111820781742,1.644928046037844,15.538780926120175,2.079871757274465,18.99184335414688,2.492154181234496,21.37326571830323,2.776059141865796,0.0,0.0,24.46911479170648,3.1447903067484475,25.124005941849475,3.2227524500471336,22.325834663965765,2.8895507422497455,19.289521149666424,2.527658016582518,15.598316485224084,2.086988348962829,11.907111820781742,1.644928046037844
35,3.3928000000000003,14.228998625834183,1.9232115543952393,17.860667731172615,2.357191380175139,20.123018977121145,2.627043512926738,23.99283031887521,3.0880829392190936,0.0,0.0,27.38635718779801,3.4919935954039443,27.684034983317552,3.5274115565267525,25.362148178265112,3.2510994606570183,21.73047907292668,2.8186226594559116,16.25320763536708,2.1652488017218228,15.062496453288905,2.0229261468995214
36,3.5001000000000007,12.729660579895517,1.5751403809982627,14.381601265836157,1.7538851411744976,18.948731397554393,2.2467119708565746,22.689891186302315,2.649532364830769,0.0,0.0,24.341831872242953,2.82724491898089,25.216388705976232,2.9212982415210234,22.495545223250474,2.6286196283737984,20.357739629680232,2.398491458384161,16.082128442539755,1.9375728665253182,12.681074089132556,1.5698775609531468
37,3.6074,12.59208409552461,1.4930986230316607,16.06269384623457,1.852189421869914,19.755778580964403,2.2332392129111813,23.003913347654496,2.5678541915079305,0.0,0.0,24.20527826136179,2.6915301942114245,23.893813283733977,2.6594697771487397,22.24749840198694,2.489962820107603,17.842493718393527,2.0359279371062504,16.196178836646492,1.8659775393190092,12.36960911150474,1.4700299773896055
38,3.7147000000000006,10.421802268654918,1.147212431464997,13.737830263226936,1.4586192341251358,18.183494168037775,1.8742850109736005,19.203810474059935,1.9695118375173197,0.0,0.0,23.212195962004134,2.343230467875027,22.374078996343076,2.265131486270385,19.386009814421033,1.986511668761573,17.454696806593375,1.8062341159768185,15.486943930693494,1.6223363494826157,10.531121872871577,1.1575086211731662
39,3.822,13.757044011846835,1.4997200488185662,17.253946260668236,1.8355864025126896,20.44342853157127,2.1412584392595835,22.364803393561054,2.3251999075482255,0.0,0.0,26.01541563134164,2.674406739364931,25.246865686545725,2.6009147896944307,24.555170736229407,2.5347614609146256,20.55871102329066,2.152298513767657,17.253946260668236,1.8355864025126896,12.950066569811126,1.4220486993734336
40,3.9293000000000005,13.816108498345038,1.5192770145465324,16.79068143283292,1.8076524782375751,23.013801124722047,2.4093086220524134,26.02751317676898,2.7002235558176246,0.0,0.0,29.041225228815918,2.9909597416803524,27.632216996690076,2.8550499116945454,27.16254758598146,2.8097395932178695,22.54413171401343,2.3639508601074724,18.19968966495876,1.9440298960821196,14.403195261730804,1.5762552194692228
41,4.036600000000001,11.574671651825689,1.1079318867087184,14.042800165817932,1.3122026658525308,17.390376771002813,1.5884118029941396,19.71665881867366,1.7799959255072983,0.0,0.0,23.773467755465507,2.113664086067568,23.03586613059426,2.0530290331345724,20.56773761660202,1.8500356708321901,18.610256381366796,1.6889050817721998,15.716588468410372,1.450400455426579,10.893808613483001,1.0514402527297482
42,4.1439,14.23098314447098,1.4795145557006983,18.81025989887996,1.9003010958820379,22.262330067588266,2.2168197172091078,26.98250764520983,2.6490744374377004,0.0,0.0,30.857280283555887,3.0036175859558103,31.45610878220937,3.058393543992944,28.602867112154545,2.797363390626153,24.904220502824213,2.4588123046889248,20.395394160021528,2.045694539248641,14.336658761880418,1.489242523076212
43,4.251200000000001,10.781287708738166,0.9534353441138442,14.058419214918489,1.201741330287289,16.836856796245286,1.4115286881393128,19.4728103990425,1.6101894565437123,0.0,0.0,21.58632274723126,1.7693000728469317,21.39634410919182,1.7550031470260412,20.01899898340589,1.6513207573953044,17.311803391343883,1.4473454141797406,14.248397852957927,1.2161025676186912,10.805035038493097,0.9552396373732505
44,4.3585,12.50282605976724,1.1225251600742228,16.347890693219078,1.4234619004371427,20.142027318280828,1.7195581377655578,21.16058748608264,1.7989568407155139,0.0,0.0,25.260292161484934,2.1182770887270195,25.20936415309484,2.114312451773767,22.051827632909223,1.868406836898569,20.855019435742097,1.7751404455950304,15.354794529612313,1.345843245162196,13.190354173033462,1.1764286266386668
45,4.465800000000001,11.466680253709182,0.997108240572816,16.417670505819864,1.3684241118342972,18.636274628227955,1.5342979842698092,21.789027854807873,1.7697028088203233,0.0,0.0,23.65732606315153,1.9090785981195624,24.825012443366315,1.996152630236588,21.48542939595203,1.7470466270574265,18.963226814688095,1.5587252180842255,16.090718319359727,1.3439594338938587,12.517597995902486,1.0761155215745346
46,4.5731,11.014650891522187,0.8984006505220375,14.306852818508524,1.1290769242073773,17.720988150198057,1.3674451113554802,19.28580017722243,1.4765207970126704,0.0,0.0,21.663501568934784,1.6421132262814762,22.618646572443165,1.7085935939749806,19.997078371324413,1.5260735305903947,16.745520912572477,1.299401121457482,14.367819520860124,1.1333395294858004,11.92915142679617,0.9625923318633655
47,4.680400000000001,12.28738061250916,0.9973464391592276,15.93422544859957,1.2549000138587632,17.88197212242058,1.3921215026988962,21.40449270273518,1.6399271073132107,0.0,0.0,23.89097781825137,1.8146551748960829,22.606293841901337,1.7243951534504736,23.020708027820703,1.7535148168915344,19.560349575394007,1.5102417613184707,14.85674856520922,1.178905318552785,11.852245717293828,0.9665368334826433
48,4.787700000000001,13.451625466076376,1.112913267648435,16.82003577100221,1.3578711699748325,21.531407047172987,1.6995944350283119,23.997171453393207,1.878192939897406,0.0,0.0,26.13269955520893,2.032780260051411,26.59503038137522,2.0662383938084683,24.481518033186465,1.9132606147353592,21.113107728260626,1.6692827578561737,17.370429611676368,1.3978351190498832,13.495656973330307,1.1161205889474601
49,4.8950000000000005,13.041673352330639,1.0331306106352984,16.40726647551274,1.2666938602125262,19.83295947589452,1.5038350517710497,21.99655505508301,1.653415846323529,0.0,0.0,25.061648792266713,1.8651486206411274,26.04328011986149,1.9329250329854308,23.75948478627364,1.7752178242607968,19.792892891094734,1.5010638503265477,16.567532814711885,1.2777989701867685,13.402272615528721,1.05819449334956
50,5.002300000000001,12.340508118334368,0.9843605791408246,16.547499522311995,1.2764108996569816,19.051661072298675,1.449787746310619,23.398885523075556,1.7503087211721011,0.0,0.0,27.806209851052113,2.054613168044625,25.682680856663406,1.9080292085898118,24.64094965186895,1.8360971157117616,22.21692127148184,1.6686445753485228,17.469030972707092,1.3402430784491606,13.402272615528721,1.05819449334956
51,5.1096,11.163262132518236,0.8144586428716233,13.578704816162531,0.9661825232793259,15.94518582378701,1.1144014187388498,20.12324884414471,1.3754698935650844,0.0,0.0,22.652935438501917,1.533298361993392,22.81614102523464,1.543476348666301,20.547583369649793,1.4019544062104978,17.6588444844806,1.2215553732882924,15.373966270222482,1.0786538406941244,11.228544367211324,0.8185672173903156
52,5.216900000000001,12.388962626374761,0.9147722759446588,16.28950980555239,1.1655702570704354,19.124709297025117,1.3473779477814771,21.753712461845282,1.5157405628969662,0.0,0.0,24.245251408897072,1.6751622811278544,23.454832156728916,1.6245991454006787,23.28300188451845,1.6136057697553068,19.38245470534082,1.363892184424293,16.49570613220495,1.178803441149618,12.852904361343027,0.9446612820016665
53,5.3242,11.308062417681466,0.8007107580551928,14.177502540039926,0.9758586554843541,17.278349123878908,1.164526401818585,20.14778924623737,1.3387795594779992,0.0,0.0,23.078937758323974,1.5165661942749058,22.84753129684345,1.5025364994330999,21.597936404848635,1.426759213136531,19.592413738684122,1.3050719319645239,15.45795162689881,1.0538241307134315,12.819917966020869,0.8930804691991622
54,5.431500000000001,9.923710297124705,0.6819037301858627,13.24094490984481,0.8751393895461511,16.50219244049369,1.064287110738545,19.203569150430315,1.2206162665263312,0.0,0.0,21.792971696224495,1.3702770118259082,20.9251719241205,1.320137006929049,20.855188071531465,1.3160927830736864,17.55195022932917,1.1250658316894786,14.346689780751513,0.9393377258353681,11.981235563242238,0.8018913574430524
55,5.538800000000001,11.548835331174292,0.8066527170656939,14.975744638594637,1.0134378723546804,18.010144509922785,1.1959673772681043,21.37666775025202,1.3981130480186972,0.0,0.0,24.36577807126184,1.5773914799345854,24.592225822853493,1.5909672673456914,21.180413032205923,1.386336417094465,19.51979618720047,1.2866527777551304,15.48902620886905,1.0443426319370894,12.167792518858143,0.8440733174392054
56,5.646100000000001,12.559433090675649,0.8708475847407078,14.977047935006675,1.017155570445218,19.14325213215574,1.2685786269800292,20.618149238445735,1.357448813300669,0.0,0.0,24.221763817731606,1.5743901826053097,24.875584184437482,1.6137275286416661,23.46150757737594,1.5286410828710946,20.040354495775432,1.3226402656357898,16.497560415718013,1.1089970434428837,12.635458714711215,0.8754550984387639
57,5.753400000000001,12.87874071162503,0.8901958344150405,15.919765673047705,1.074110275519124,19.903508372511407,1.3143949383074252,22.412353965685117,1.4654917705318726,0.0,0.0,26.30486591630614,1.699700871628381,25.346943053457995,1.64208333679007,22.944533333934086,1.4975264004367561,20.298841617496358,1.3382135034102016,17.105765408002547,1.1457046825031538,13.000381710081935,0.8975643684632505
58,5.8607000000000005,12.135651547664489,0.8003461696302083,14.84912869146812,0.9559056786279927,17.889859360152595,1.1297558189731216,21.10785235481419,1.313410782882989,0.0,0.0,22.444137581410953,1.3896056943849822,23.930414006911434,1.4743168626289438,22.321417509580638,1.3826095741540574,18.68072204528129,1.1749169491097002,15.789982575500538,1.0097399793632948,12.435633945471926,0.8175706015254527
59,5.968000000000001,12.06789458070742,0.7790572175792612,14.898957417478785,0.9378152853903302,17.573463784013942,1.0873999099448477,21.526514657478103,1.308075514090806,0.0,0.0,23.80962984842275,1.4353800706508315,24.16188190645421,1.4550141155725482,20.23492377802942,1.2360151808490139,18.956379271100417,1.164645601797364,15.19902398543151,0.954613521204895,11.78087438527438,0.7629277756803714
60,6.0753,11.68725950534474,0.7635800215035082,14.416936895481946,0.9179314651813558,18.14042886940697,1.1278119860427458,21.757913954394628,1.3312944878565571,0.0,0.0,23.71904139973592,1.441496412805111,22.433707871370345,1.3692767306440792,20.870106259544176,1.2813832037766626,18.113927147172628,1.1263200184624325,15.490256645972789,0.9784924562829734,12.826833561421438,0.8280865155777458
61,6.182600000000001,11.410523313342782,0.7181233694718419,14.122660546278647,0.8654351303117536,17.176869141927142,1.0308140948939168,20.182210400045264,1.1932279027092731,0.0,0.0,22.93099813612891,1.3415983166422059,22.41789109205996,1.3139126807613999,21.025171972444248,1.2387432770697235,17.250170148222708,1.0347785574392645,15.002272621825412,0.9131080770570116,12.021365032472483,0.7513529687070655
62,6.2899,12.787749791249338,0.8284771459704146,15.401304493110517,0.9765416906729805,19.014943902316535,1.1807401959611035,21.001778854241614,1.2928458240221492,0.0,0.0,24.215384380509697,1.4740059672528179,24.722093965564415,1.5025560050142643,22.695255625345542,1.3883335833094446,20.441731418128505,1.261254804197217,16.17470333345719,1.020286188545994,12.97443226995371,0.839068016768605
63,6.397200000000001,12.09663016005142,0.7968208851541478,17.00324082047677,1.0773662617456088,20.76814706130176,1.291953085275541,22.670987760635693,1.4002807610051173,0.0,0.0,26.109692738717726,1.5958974442342166,24.927213161274498,1.5286480814813754,22.793313234164305,1.4072424360337883,20.00701078156819,1.2486012870075587,16.47316376851946,1.0471176095224042,13.836370228013871,0.8964593085001026
64,6.504500000000001,12.013649137072948,0.7553120984316215,15.078860028013372,0.9226055360099324,18.403625066976975,1.1035376305091937,20.801411005857787,1.233815431944712,0.0,0.0,24.064377438149208,1.4109171037810286,22.778966419367737,1.3411705683518302,22.296937287324692,1.3150090798187768,19.009251412364396,1.1364562423406128,15.894601636086225,0.9670374891054442,12.508037990450434,0.7823394214464475
65,6.611800000000001,11.90918262283753,0.7463321710728138,15.376568098416772,0.9347339070834844,18.51314294558386,1.1046567755526648,21.51494309228673,1.267014031763566,0.0,0.0,23.91638320964903,1.396775300993921,22.972960306399557,1.345808496620247,21.845753720698887,1.2848949611541924,19.22377318439515,1.1431114663503499,16.074946091731316,0.972600109932065,11.749903431379828,0.7376566159054738
66,6.719100000000001,11.242324258439416,0.6773988684355703,14.432110704782346,0.842929161875112,16.316984513984988,0.940465668269888,20.198263127017643,1.1409254106376636,0.0,0.0,22.919619395925597,1.281274462895098,22.261586527624086,1.2473491795079987,20.019813535613842,1.1317173307451225,17.934183936081926,1.0240423699033618,14.666325793499835,0.8550579508131995,11.755366833725343,0.7040757247378504
67,6.8264000000000005,11.604051358274724,0.7094366269494152,15.587877373490796,0.9199050928307712,18.6104895536402,1.079088047724856,21.22777059852053,1.216719770702162,0.0,0.0,24.31986811614463,1.3791566495172147,25.165273055420133,1.4235448697887663,22.501668452223342,1.2836593575699102,19.710674063656267,1.1369608348491438,16.433282312766302,0.9644597575698735,12.553684303762275,0.7597038413246602
68,6.933700000000001,11.839928116805543,0.6922230213195898,15.151274919257455,0.8599776591091292,18.451974304338137,1.0266871067354528,21.401308916168293,1.175398410024851,0.0,0.0,24.499707371195644,1.3314605618167068,24.09510551108898,1.3110888389796442,21.209655403486188,1.1657401833730099,19.06952451186936,1.0578411981128228,15.247101675598506,0.864823309856974,12.3935938201094,0.7203224769936639
69,7.041,10.823872383567087,0.5690999298210394,13.496225968950885,0.6895946253296651,16.092946905691747,0.8062975590390039,18.563613428027715,0.9171186142064259,0.0,0.0,21.42084682120536,1.045105155199062,21.454461331713333,1.04661002412818,20.723345728164936,1.0138750656832742,17.319876539232737,0.8613522924895249,14.252552455380263,0.7236163085814735,11.554987987115483,0.6021184717449158
70,7.148300000000001,11.137112146462195,0.5270478228324551,14.547552526494057,0.6658703760117806,16.969857263216888,0.7641607539787597,20.05091909547907,0.8889610589026383,0.0,0.0,22.528120256830185,0.9891810227510216,21.986018063625924,0.9672564893929548,20.442056120955563,0.9047912998582636,17.189442961730006,0.7730622499451247,14.568138685729663,0.6667065627866585,11.37728400421092,0.5368478402046762
71,7.2556,11.76622910921252,0.4953240132158572,14.620986335709983,0.5994092177904677,17.966232738188673,0.7210101094647661,20.78792327866493,0.8233939519834613,0.0,0.0,23.995391822721928,0.9396439882846549,23.449791503372026,0.9198772446314301,22.000368432775822,0.8673509489667766,18.92516663280365,0.7558197314955459,15.651564716704241,0.636904005910855,12.025251483045302,0.5047850669278029
72,7.362900000000001,11.948279406215004,0.4350769156427875,15.260345769684168,0.5396919455904392,18.998840677449984,0.657410492884025,22.194984718197727,0.7578748156654601,0.0,0.0,25.109603118050593,0.8493997888018947,24.463750177174102,0.8291245686499659,22.617273179540046,0.7711400786711722,20.062841996714454,0.6908693423311861,16.187724351455532,0.5689211143635976,12.064201728936425,0.4387461455353233
73,7.470200000000001,12.029382870030506,0.37188551141178894,15.401436517494325,0.4623799965279778,19.22788037277242,0.5647520821590072,22.223268453232304,0.6447546847343536,0.0,0.0,25.13196366509604,0.7223689168366058,24.991461429785048,0.7186211204463426,22.66570102399883,0.6565643297989884,19.616503576824098,0.5751370648120556,16.166725288549944,0.4828751655102414,12.749830502157085,0.391251596867812
74,7.5775000000000015,11.362590662503766,0.29474589675377627,14.318812936674606,0.3608844102185631,17.872084309696216,0.4401152036784621,20.46758941997805,0.4978813487954254,0.0,0.0,23.18955284633591,0.5583984375010721,23.297353378072856,0.5607941028165996,21.182804486309703,0.5137880379293287,18.620468770408472,0.4567788355972003,15.363648859663458,0.3842052167429412,11.540876157299483,0.29874298612212935
75,7.6848,11.204717702893062,0.25510100226727667,14.233793736729266,0.3144778287500248,17.530141185315724,0.3788768684972462,20.10740125612174,0.4291338253176064,0.0,0.0,22.904205703329747,0.48361146175289965,22.68625222820603,0.47936783605351213,20.853533955632866,0.4436726498238412,18.33672813340131,0.39461247685650264,15.1469710704593,0.33233548931099854,11.681988086375657,0.264474751468151
76,7.7921000000000005,11.369661465868527,0.23901715746747498,14.420091659130652,0.29432624824759873,17.947151570089986,0.3580639981943094,20.653046567416702,0.40687126184474853,0.0,0.0,23.593171026011763,0.45984597784759046,23.3643887615171,0.4557255001409715,21.362543947188833,0.41965955025983676,18.79010527081733,0.37327537059444627,15.440079255002676,0.31277649815519026,11.72100565777104,0.24540031072440363
77,7.899400000000001,12.022117973322649,0.2429359134596721,15.157267710363978,0.2979349415920144,18.37414843851352,0.3542053401353121,21.40968853014172,0.4072136716214108,0.0,0.0,24.387761518646972,0.4591633604467614,24.58570376273716,0.4626147955818454,22.417278404897573,0.42479522720141233,19.563078949790697,0.3749753973213198,16.13803960366245,0.3151042671174776,12.226445451093163,0.24652721195726032
78,8.0067,11.338218337963989,0.22274523811739377,14.351919386604242,0.2737937779195025,17.777984103966173,0.3316348004870008,20.744150435750907,0.3816149536770456,0.0,0.0,23.357371494883367,0.4256001696925394,23.63307285264541,0.43023870794396035,21.515401216731792,0.39460040599112545,18.729866808998054,0.3476817963305867,15.527215260857087,0.29365338863993196,12.057180930403797,0.23494393875477032
79,8.113999999999999,11.587943488213616,0.23420658830926244,14.758528309860449,0.2895975706468362,18.244147297744334,0.35029699282578985,21.237604475723746,0.40233072926050806,0.0,0.0,23.74775622598205,0.44591943422511804,23.75281701580112,0.4460072828491955,21.71205352126148,0.41057214536182507,18.948862280049713,0.3625530090706833,15.51385119035652,0.30276438172165565,12.1610779352232,0.24423738171532502
80,8.2213,11.890727034557768,0.2590462645398147,15.432488273504337,0.32593068819164583,18.524314110595597,0.3841452307360493,22.092716261494125,0.45121783894885353,0.0,0.0,24.318712460146713,0.4930169136309666,24.858930952505883,0.5031573153803317,22.743938553653123,0.463449015327425,19.65063266589787,0.40532652472857644,16.26427674667106,0.3416040785585205,12.321421777781108,0.2671959834067862
81,8.3286,11.615795687827738,0.2724048847777117,15.050253253634471,0.34203371555441914,18.418237447199786,0.4100972618774619,21.326021371401417,0.46875986292671434,0.0,0.0,24.056542969625927,0.5237907967371959,23.86734952555419,0.51997915949885,21.907237267153324,0.4804775336449189,18.99604445206752,0.4217601624381787,15.747371439448344,0.3561353014166578,12.018044812160436,0.28057686352023203
82,8.4359,11.453534346375484,0.29884396987799783,14.751496429227961,0.37311541137037857,18.070478028223537,0.44761733601073084,21.275954240046367,0.5194382713762756,0.0,0.0,23.63434395130225,0.572225179173727,23.432556596328485,0.5677100765491625,21.635387966093386,0.5274858656724547,18.66112643184466,0.4608591861463283,15.363164348992186,0.3868598119967499,11.68264707233528,0.30401513374629335
83,8.5432,11.257797419213038,0.3321630208747288,14.57788453832981,0.41653771508342574,18.347427447947485,0.5119972822410844,20.958551564190813,0.5780002621057295,0.0,0.0,23.567000348347825,0.6438716938735063,23.510818374535212,0.6424534611237351,21.699618552100038,0.596720079843828,18.641713977442123,0.519440110814443,15.326977522497979,0.43552947006305476,12.081799701798023,0.3531413724785678
84,8.6505,10.730139613881395,0.34127361269294626,13.760836566001126,0.4238259794011083,16.911166292546636,0.5093262738364347,19.74247528729007,0.5860108809529495,0.0,0.0,21.481751777018697,0.6330688465785066,21.935742818429347,0.6453471628041022,20.135116187969547,0.5966370056146397,17.122824278069167,0.5150631679895425,14.432620607007422,0.4420787921131248,11.000080233098537,0.3486438332371814
85,8.7578,11.551965274381763,0.41925491172993,14.865920026700877,0.5231701723583094,18.0698172411201,0.6233172980628271,21.265562045324508,0.7230294838886627,0.0,0.0,24.200429722655088,0.8145001086927731,24.098524594969998,0.8113253002222275,22.044117220838594,0.7473025306221376,18.742391083841685,0.6443147807273063,15.856437867799949,0.5541568837454558,12.244920142640373,0.4410227977625837
86,8.8651,10.448923833665008,0.3992558936113159,13.340173574014704,0.4935651142160106,16.776278888533643,0.6052072019551199,19.89162245374327,0.7061940266894536,0.0,0.0,21.91725487061441,0.7717806439990034,22.128166705776696,0.7786069366889876,20.462842007307803,0.724694244465582,17.2024965554241,0.6190339075603732,13.735633264943994,0.5064331285989849,11.20469124299654,0.4239547651339055
87,8.9724,11.162682323196947,0.47543665595371637,14.460873961291512,0.5963081010971867,17.87030309139601,0.7208236745825829,20.94045787087021,0.8327337734165511,0.0,0.0,24.0272982741459,0.9451225523059921,24.344325126374212,0.9566596417967508,21.92490967515813,0.8685883881685805,18.565537416458103,0.7461798893476262,15.462011389380924,0.6329048529596742,11.51864229762874,0.4885110377484041
88,9.0797,11.139140552089186,0.5187761881687012,15.00062065994349,0.673424803287301,18.22405930419364,0.8020707146142974,21.746579884508243,0.9423951378087142,0.0,0.0,24.66429032744807,1.0584964577569247,24.670936592693945,1.0587608238446424,22.125417003523207,0.9574753569840128,19.16118270386224,0.8394233899137571,15.625369593055892,0.6983820003149748,11.836998402906229,0.5467885311089764
89,9.187,9.65979086352502,0.4689432383229962,12.625637699671868,0.5906034836481944,15.95875061599578,0.7267034867853938,18.515754079870053,0.8308594196786054,0.0,0.0,22.202273979005852,0.9807913585248962,20.781716499075703,0.9230425185335512,19.41659540860624,0.8675182291969128,17.386237644608517,0.7848705806813632,13.789801878346331,0.6381947759391419,10.893250529025343,0.5196293541887688
90,9.2943,11.033570031524393,0.6123794197986347,14.648664649361736,0.7847426531927586,18.282587885000318,0.9573696917457664,20.965665921676468,1.0845970946998444,0.0,0.0,24.420717288203306,1.2482490257076293,23.837030136364984,1.2206133410206892,21.389309822204282,1.104672920711451,18.103716015888573,0.9488821089823464,15.091137167690784,0.8057878471449395,11.871443523679401,0.652410395066282
91,9.4016,11.766454710384204,0.7417904511350225,14.460873961291512,0.8889236330580841,18.589020886993534,1.113615821798997,22.828405304705488,1.3438535862511771,0.0,0.0,25.609342604953856,1.4947175526838774,24.954277374228685,1.4591897796029958,22.593570599351178,1.3311089046999711,19.42948193773526,1.1592920661387733,15.993479406761724,0.9724211899513346,12.038368579741823,0.7566639604101443
92,9.5089,10.070264717840558,0.6859407193196579,13.869061422101403,0.905639069265709,16.756146917339642,1.071918910867093,20.679267877376294,1.2973627044175444,0.0,0.0,22.37836603964569,1.3948846469027885,24.588575031215633,1.5216676180348387,21.452841024425776,1.3417699714668105,17.81980999453268,1.1330887930710927,14.918910693097127,0.9661535152706683,10.995789733060475,0.7396052352161575
93,9.6162,9.82251062539524,0.7045630054898987,13.578176452752245,0.9325492310178877,16.026201546697497,1.0805379118427243,19.00640600889172,1.2603300026965623,0.0,0.0,22.12345659434996,1.4480993858183,22.47317446491357,1.4691531280529426,20.146790369425222,1.3290529741268737,16.695227038210486,1.1209286727632608,13.486945703909564,0.9270269586026167,9.731279876552561,0.6990028056503064
94,9.7235,10.75261581751332,0.8615448549008407,15.213393031662868,1.16744377023708,18.037902621408215,1.360422458834783,22.381803576671746,1.656649174573932,0.0,0.0,24.54401436606301,1.8039342515059198,25.556941943075135,1.8729054122215918,24.212864965885974,1.7813824798008409,20.550742187457523,1.5318455168869116,14.784846749080815,1.138127667986967,11.785022771006446,0.9325213431133947
95,9.8308,11.763083877292994,0.9746612681707747,15.008072533097959,1.2074719696877496,18.573290332567886,1.4624541272381255,23.12054417261037,1.7870051042656276,0.0,0.0,25.746423150663073,1.9742139102450984,26.301486999682343,2.013772345139422,23.12054417261037,1.7870051042656276,20.25983048920336,1.5828939346817321,16.609218251422778,1.322061648839318,10.503515912210805,0.8839833733918339
96,9.9381,9.14216969216533,0.7539768787633891,12.189559589553774,0.9647530890536529,15.984051526301966,1.2257980480606994,20.663269562291962,1.5466616108185376,0.0,0.0,23.43541133991629,1.7364499566573186,21.292408121752803,1.5897494004640276,20.03413100283112,1.5035634750570774,17.085044005358437,1.3013724984038093,13.723084828239571,1.0703854460774733,9.751647671643019,0.7962560294401867
97,10.0454,9.601081219912755,0.8167984073752523,12.999694041120812,1.060819046703466,17.184236077233226,1.359751972367179,19.73319569313927,1.5414078890375962,0.0,0.0,25.064769556409406,1.9207830177313976,23.726565758058737,1.8256171285225438,21.687398065333902,1.680536529046669,17.821475981209737,1.4051892793465555,13.764381925892623,1.1155380253919076,10.195838463624165,0.8596282443031313
98,10.1527,9.694589249300613,0.8564471889435876,14.05945170751653,1.1820621073149835,18.67701672910284,1.524757936718369,21.433771965870786,1.7289222329576486,0.0,0.0,25.063499694281916,1.9974481670244117,24.92566193244352,1.9872556061559243,22.44458221935237,1.8037296419989877,19.366205538294825,1.5758216387515054,13.737830263226936,1.1581425536892942,11.210804629522984,0.9698455963971988
99,10.26,9.623663022335226,0.8044003713569907,11.367823698024978,0.9276745305787176,15.594848394402497,1.2249808909621138,18.24186871397871,1.4105610736255514,0.0,0.0,21.401877467581322,1.6317639269542366,21.442916542303433,1.6346348537165114,20.21174430064008,1.5484883797071292,16.53874711301107,1.2911946913162864,12.82471085065995,1.030325563338743,8.864440139976155,0.7505612993033556
100,10.3673,8.890535638576628,0.7961255965513101,12.612155208213357,1.074351044098269,15.690531889270897,1.3032506531818353,20.28512395055081,1.6438818943567217,0.0,0.0,23.248635830076353,1.8632189679865423,23.064852147625157,1.8496226175577184,21.15809644219399,1.7085158211509848,18.125665681749247,1.4838943198952128,13.071614414341349,1.108566299786629,9.90134589205821,0.8719352666167496
101,10.4746,9.080275273699854,0.7995830490102652,11.026048546635538,0.9433171406508866,16.23714248449777,1.3259310362620838,18.764411218310787,1.5108439738244115,0.0,0.0,21.873175413001128,1.7379886436433283,22.320479613675996,1.77064994007824,20.55362802101026,1.641608963728508,14.962325512574392,1.2325336407852456,10.869492076399334,0.9317772443193508,8.834257963328678,0.7813525796284566
102,10.5819,6.740390732061449,0.5770563125694114,9.691691758811517,0.779512175826148,12.566830178419648,0.9750156437936505,15.898944240879405,1.2005660412869947,0.0,0.0,19.154895696197222,1.4203765620117836,19.097773740840772,1.4165236649150854,16.27975727658909,1.2262986002414686,13.157090383769663,1.0150320044467194,10.434277178445406,0.8301201681129934,6.83559399098887,0.5836340402176124
103,10.6892,7.694134840597282,0.7178424639143545,11.46996027163113,1.0057246087181029,14.390881831487507,1.2268716332406093,17.81049731619741,1.4849416941994558,0.0,0.0,22.678699915958035,1.851490220482543,21.72880672576084,1.7800221630643867,19.639041707327014,1.6227087104421682,14.29589251246779,1.2196924309182553,10.781287708738166,0.9534353441138442,8.525291382019827,0.7815182945659771
104,10.7965,6.488482908939491,0.5896074454995905,8.475184516236926,0.7336673866294997,12.173831125567252,0.9991527638232607,16.104964093198348,1.2795427882635082,0.0,0.0,17.415341749075377,1.3727876891680737,19.697935085119234,1.535044469535022,16.379720698462886,1.2991011008998148,13.357398040552958,1.0837022972443355,10.567561740943797,0.8841456486578518,6.868915131613468,0.617321103575602
105,10.9038,5.88685114783466,0.5583206008305807,8.808145702399228,0.7753252319704195,11.574523121494462,0.9785537479141638,15.735154759813698,1.2823979156504506,0.0,0.0,16.93022980486284,1.3694443799091494,18.567925236967216,1.4886216368542964,15.42532048887503,1.2598174114369887,13.212218553598843,1.098335468898805,9.140110992690655,0.7997941615178952,7.037664154178278,0.6442540917371369
106,11.0111,5.945705067432114,0.5764806588556269,8.663078086531948,0.7833008732133167,12.564947037034273,1.0767019123783552,14.213951176829898,1.2000895816262416,0.0,0.0,17.6977627397784,1.4601288633578817,17.210029120965615,1.4237628531083089,14.469430691446123,1.2191851571056591,13.540414274659856,1.149721620075066,9.499192861639589,0.8464145058000399,6.247635402887652,0.5996420968688518
107,11.1184,5.643295857534934,0.535835118000547,7.822174567007883,0.6970147687014643,9.761376618438806,0.8389550862355805,13.269371340690252,1.0939528631066067,0.0,0.0,15.295728540500093,1.240665630030267,15.252150966310635,1.2375135694488857,13.095061043932416,1.0813168999090015,10.502195379659609,0.892953939047558,7.626075483155318,0.6825990229834308,6.013705238145335,0.5634244122304938
108,11.2257,5.241510623508123,0.5325380118867036,6.76323951420403,0.6517220668814824,10.50717567385269,0.9405616307102419,13.381552467389403,1.1603696435508866,0.0,0.0,15.507142028996384,1.3223799459076324,14.879126931248868,1.274548335092285,13.502324601571619,1.1695846129424514,10.50717567385269,0.9405616307102419,7.560335599806648,0.71360813446272,5.458900465036111,0.549672636954791
109,11.333,4.178990324827774,0.44676015176422895,6.508657344990384,0.630092326261644,8.790289993603249,0.8063172842358735,11.576283543488433,1.0195352581787052,0.0,0.0,15.178861409719273,1.293689350219241,14.578431765347466,1.2480759370187264,11.360128871514581,1.0030410387443554,10.135252396996098,0.9094369616095929,7.565413519084764,0.7119701837883246,5.331815242021643,0.5381257904629496
110,11.4403,5.867777703524056,0.6242577510617562,7.397293218660658,0.7521394401291642,8.62090563076994,0.8536330828514419,13.209452176179747,1.2309771134120004,0.0,0.0,15.128298913351122,1.387948886924366,16.824670666502623,1.5264937495605284,13.126024057172296,1.2241445332094987,8.982427479802228,0.8835222058853055,7.035771369628371,0.7220332133669808,5.144734005459481,0.5632098192988256
111,11.547600000000001,4.094099391459987,0.4628834230098865,6.114564026206474,0.6306346328156321,8.852825307507633,0.8533825671213678,12.043032625528403,1.1101046218101884,0.0,0.0,13.345700613720217,1.2144836906857008,14.355932931093461,1.2953125296399692,12.175957930445934,1.1207646379024303,8.985750612425166,0.8641231561964444,7.337476831447769,0.7305303579917467,4.758725916047647,0.5185897926561016
112,11.6549,4.16748913727361,0.4963532165651861,6.638214840085821,0.7126907668118481,9.585225015729304,0.9655820745561343,12.383396293613012,1.2035552548882074,0.0,0.0,13.812249712106823,1.3246391024717676,14.943425335081086,1.4203555116490598,11.698737363918063,1.1454481491626152,9.049404983794124,0.9198277124148416,6.667982619637776,0.7152647467306134,4.524702491897062,0.5280775779088384
113,11.7622,4.253279508156261,0.47331987329932873,4.830885367288594,0.5213320563220226,7.69265985117151,0.754671080330994,8.9266360047724,0.8539929640619752,0.0,0.0,12.260997100672679,1.1205577234071131,12.260997100672679,1.1205577234071131,10.92200169995682,1.0137492432955624,7.876443533622706,0.7694972306908917,5.7498037795445756,0.5969113362519737,3.8857121432538686,0.4424926574312991
114,11.8695,3.938221766811353,0.44691177275333316,4.830885367288594,0.5213320563220226,7.088799180260436,0.7058566137217066,9.294203369674793,0.8834891425079715,0.0,0.0,11.132040194186757,1.0305209672868931,12.628564465575073,1.149836321965154,9.976828475922094,0.9381805001780733,7.220073239154147,0.7164824594659771,5.408491226420925,0.5689349498914973,3.4656351547939908,0.40692722512404733
115,11.9768,3.908003964575442,0.4471553995135046,4.944821342932192,0.5340785284241356,6.646265245876602,0.6741720711036955,9.490866771111788,0.9048947271844611,0.0,0.0,11.03280030815516,1.029008810532481,10.66060945438607,0.9990915791501547,9.597207015045813,0.9134701736945229,6.88553079472816,0.6937086688561156,5.423352440635307,0.5737299147582324,4.120684452443493,0.4651250951167223
116,12.0841,3.188808104284795,0.3718742456655418,4.449499680397388,0.4751496682728155,5.710191256509981,0.5760492772955178,9.195632672821269,0.8495951105170972,0.0,0.0,10.777677003629229,0.9724744722471601,10.50576313427161,0.9513891943676502,8.874279918125902,0.824566674935188,7.391113357993439,0.708639151190807,4.795571877761629,0.5030230854882252,3.2629664322914183,0.3780497014805277
117,12.1914,3.239875216385164,0.3806063864161618,4.632009098425665,0.49570082935203186,5.264797226625892,0.5470252582366134,7.644080588658747,0.7371399881483607,0.0,0.0,9.289329721979337,0.867089124535488,9.21339514659531,0.861108806680555,8.985591420443228,0.8431590512791632,6.3531928071302834,0.6344319999195457,4.48013994765761,0.4833101690182914,3.467678942537246,0.39972117361119425
118,12.2987,2.956154526224801,0.37254282353818413,4.448045595534514,0.5021984882369988,5.857053827660353,0.6213152332508562,8.371166555571165,0.8302356436460708,0.0,0.0,10.664258384324983,1.018792346877966,10.664258384324983,1.018792346877966,8.730325516701281,0.8598597134176429,6.768765036682955,0.6974646761540877,4.61381126990226,0.516334166359528,3.619217223695784,0.43081662764602674
119,12.406,3.2515574587519374,0.3948144613531675,3.9018689505023247,0.45090989010182675,5.256684558315632,0.5653049324326612,7.397293218660658,0.7424340084827167,0.0,0.0,9.971442873505943,0.9526589249757877,8.670819890005166,0.8466937484733555,8.995975635880361,0.8732263665980236,6.015381298691085,0.6284493404931408,5.2295882461593655,0.5630400079875991,2.818016464251679,0.3567395263046997
120,12.513300000000001,2.8277337624042715,0.37091665277650565,4.227024696377519,0.496438874020176,6.005290258301855,0.650983453983345,7.900163398057294,0.8128568924606343,0.0,0.0,9.503517593234973,0.9486413159373638,10.144859271306045,1.002757371952335,8.862175915163903,0.894422558504112,6.180201625048511,0.6660162420299952,4.751758796617486,0.5424402935252359,3.148404601439807,0.40017957640454915
121,12.6206,2.914284107440402,0.3595356110463911,3.3081062841215365,0.3934795735917705,4.227024696377519,0.4711257534618275,6.432428885791877,0.6525924276114473,0.0,0.0,8.48030420453378,0.8181254695296538,8.58532345164875,0.8265702279758294,7.666405039392767,0.7525519715940845,4.90964980262482,0.5278449809529595,3.7281832725814144,0.42920172384344,2.4679523072017813,0.32035387985697733
122,12.7279,2.612536097066661,0.3522605516611683,3.8160639620074828,0.4616767505855251,5.401198223149052,0.6009479810002386,7.103749836967776,0.7476397479177123,0.0,0.0,8.160506011062155,0.8378565526268276,7.749545276692118,0.8028290743856935,6.457954397243432,0.6922342436416763,5.988284986534818,0.6517720801729469,3.346394551298869,0.41952063339143936,2.641890435235949,0.35499336052728103
123,12.8352,2.344677761271905,0.3469569115690301,3.401433935366285,0.4502403703904243,5.3168045009123475,0.6296246031372177,6.835891501173019,0.7686478327080344,0.0,0.0,8.454049392755037,0.9151776923717838,8.718238436278632,0.9389983468555054,7.166127805577513,0.798655055670963,5.052615457388753,0.6052275739334855,4.16097743549662,0.522182077317938,2.410725022152804,0.35357315961092983
124,12.9425,2.2999987318524737,0.3322400090085963,3.8229708651061385,0.47569529990464043,4.413511080041233,0.5295329545007843,7.304050026828801,0.7869503060091796,0.0,0.0,8.112157689371562,0.8579103942956592,7.770265985988086,0.827923251066101,6.464861300342087,0.7129142758871446,5.097294486808185,0.5911653543792342,3.512160225666615,0.4470594895790304,2.641890435235949,0.3652851543924794
125,13.0498,2.0522511207050274,0.3055839128195139,3.0630613741866077,0.4022579482577412,4.227024696377519,0.5088739740880222,6.1261227483732155,0.6779372597117164,0.0,0.0,6.24864520334068,0.688722533425632,7.50450036675719,0.7987274032952362,6.0342309071476175,0.6698409161609068,4.012610400184457,0.489472101632703,3.001800146702876,0.39653834979522445,2.174773575672492,0.3176277754852549
126,13.1571,2.186392084333199,0.3109744826306784,2.390455345537631,0.33029548464017383,4.052113329630863,0.4810047354634078,5.480556158061887,0.605736610745796,0.0,0.0,6.471720569626271,0.691022679438129,6.967302775408462,0.73341087352182,4.722606902159711,0.5398952130708493,3.265012179270911,0.41073182497232413,3.2358602848131355,0.40809780031991544,1.8948731397554395,0.28284539183600654
127,13.2644,2.3906942954922035,0.3601109009853356,3.3954788544671874,0.46059521029408734,4.434911156855102,0.5611384501980712,5.75152540654646,0.6858755588838952,0.0,0.0,6.998844169411958,0.8024966516344727,8.072924215212803,0.9021674965992438,5.855468636785252,0.6956405439129466,4.365615670029241,0.5545058753736176,2.945058190099091,0.4160922959255384,2.356046552079273,0.35655480710175175
128,13.3717,1.580838504336308,0.2732117582431764,2.818016464251679,0.4017547079773707,4.227024696377519,0.539010502390787,5.395470547408704,0.6496896675094408,0.0,0.0,7.25123748728176,0.8226054435339566,7.010675106187104,0.8003244375492764,6.2202558540189505,0.7268640628559085,4.227024696377519,0.539010502390787,3.0585788453463354,0.4256376647965625,2.233793538736087,0.3425411259926337
129,13.479000000000001,2.241604005654745,0.3314351713378703,2.561833149319708,0.36298344017581047,3.906795552712555,0.49064871078168587,5.027597555539927,0.5937076377946036,0.0,0.0,5.828170414702336,0.666307046909324,5.571987099770364,0.6431454859129889,5.732101671602847,0.6576284579065271,3.650612237780584,0.4667602541165579,2.785993549885182,0.38472957444074385,1.825306118890292,0.28929585976068034
130,13.5863,1.825306118890292,0.28929585976068034,2.561833149319708,0.36298344017581047,3.4904976659481024,0.45174739683809906,3.8747726383460583,0.4876708918343545,0.0,0.0,4.931528812440439,0.5849480066833527,6.468628702032263,0.7239737279676953,4.995574641173431,0.5907890420829126,3.5225205803145982,0.45475545147437746,2.3056498343877374,0.33779655826027016,2.113512348188759,0.31862397494204964
131,13.6936,1.6011457183248177,0.2658854575833421,2.209581091288248,0.32824374766718223,2.6258789780527008,0.36922211120656967,3.9708413814455477,0.4965977112598783,0.0,0.0,5.475918356670876,0.6344439463379309,5.7000787572363505,0.6547337622041035,4.675345497508467,0.5615296775876184,3.1702685222831386,0.4214998997197696,2.3376727487542337,0.34096692189718075,1.5370998895918249,0.2590781335387682
132,13.8009,1.8539582001655786,0.3144737752448972,2.7809373002483677,0.41346527586162896,3.374203924301353,0.4743240383384235,5.079845468453685,0.6439833701153532,0.0,0.0,6.748407848602706,0.8060445719705,6.340537044566278,0.7666515064625933,4.857370484433815,0.6221515654184937,4.078708040364273,0.5451272094776184,3.0034122842682374,0.4364528395204093,1.8168790361622669,0.31036257783655957
133,13.9082,1.3118352505999196,0.2502769453367162,2.149952216260979,0.343789676661576,2.951629313849819,0.427389082309492,4.482103772883058,0.5800952476087372,0.0,0.0,6.304097176494058,0.7565188858781938,6.194777572277398,0.7460282591287908,4.846502453605258,0.6157058718646977,4.0083854879441985,0.5334557043798209,2.623670501199839,0.3936343360780574,1.6397940632498995,0.2879830959508732
134,14.0155,1.8343692078619422,0.3238744564403287,2.5521658544166153,0.4040084372872063,3.269962500971288,0.48090781886078543,4.785310977031154,0.6378533340221182,0.0,0.0,5.622740398011605,0.7228264236638443,5.782250763912644,0.7389190261026951,5.503107623585826,0.7107394856733235,3.7484935986744032,0.5310738433812241,2.9110641776939516,0.4427554674401688,1.8343692078619422,0.3238744564403287
135,14.1228,1.3036618222472722,0.25958530669124735,2.0542549926320652,0.34726367155509985,3.7529658519239653,0.5290498627318182,4.859103155648923,0.6423557150505077,0.0,0.0,4.582568829717683,0.6142434651945976,5.0171227704667745,0.6583682941504634,5.8072208445560305,0.7379630962628279,3.713460948219502,0.5249537883632261,2.9233628741302464,0.44199185469790836,1.501186340769586,0.2834881554170885
136,14.2301,1.7382157629963626,0.31129627977139057,2.4888089333811556,0.3952335962871391,3.199897200061486,0.47128167442564967,4.8986080593533865,0.6463622010838284,0.0,0.0,4.977617866762311,0.6543684497530442,5.8072208445560305,0.7379630962628279,5.056627674171237,0.6623660047479909,3.0813824889480976,0.45876711990734725,2.4493040296766933,0.3909293844994875,1.9357402815186766,0.33390233634590577
137,14.3374,1.5944040521423974,0.2853392807509328,2.0393540201821363,0.33481291748644787,2.743858136245056,0.4096116429555661,3.4854414163112875,0.48559376577567465,0.0,0.0,5.154003796460309,0.6512461500494917,4.078708040364273,0.5451272094776184,3.8933122203477146,0.5266162002627574,2.743858136245056,0.4096116429555661,2.3359873322086293,0.36671984813581515,1.5944040521423974,0.2853392807509328
138,14.444700000000001,1.863527016682562,0.34934512718830363,2.3634976796949565,0.40925692358650995,3.136179613441385,0.49830175301155105,5.136062265490964,0.7190899089355497,0.0,0.0,6.27235922688277,0.8415034396881271,5.499677293136341,0.7584202743651447,5.545129171592014,0.7633250373960868,3.272535248808402,0.513710665722568,2.408949558150629,0.4145956346909358,1.7726232597712175,0.33816575940420157
139,14.552,1.5066622680157493,0.29245850693028586,2.0925864833552072,0.36184801982760656,2.5529555096933527,0.41397598608668185,4.5618385337143526,0.6300508776452639,0.0,0.0,5.105911019386705,0.6868866431501648,5.357021397389331,0.7129768857283646,5.14776274905381,0.6912406810421469,2.8040658876959776,0.4418193849435421,2.134438213022311,0.36665668411392244,1.5066622680157493,0.29245850693028586
140,14.6593,0.969501077150807,0.21498959511579105,2.0165622404736787,0.33986750875054433,2.055342283559711,0.344183843752201,3.56776396391497,0.5051111794094897,0.0,0.0,3.9555643947752928,0.5449245218843,4.42092491180768,0.5922429443457902,3.839224265517196,0.5330209795534506,2.6758229729362273,0.41165138867768464,2.055342283559711,0.344183843752201,0.969501077150807,0.21498959511579105
141,14.7666,1.1835669149857053,0.2530572508684291,1.5217288906959066,0.2957709319548044,2.5784850647902866,0.41890219953415975,4.0156734615586425,0.5753258576186416,0.0,0.0,5.199240376544348,0.7000672679617661,4.396105684232619,0.6156962926807275,3.592970991920891,0.5300662002524084,3.043457781391813,0.4703977728629239,2.113512348188759,0.36607107694871344,1.6908098785510075,0.3163215635855364
142,14.8739,1.4266208350274125,0.3175218202927538,1.9549989220746025,0.38868125614559856,3.540133183216172,0.5862675727518599,4.491213739901114,0.6996023178630539,0.0,0.0,6.7104017054993115,0.9578264768535028,5.864996766223808,0.8601574946108566,4.966754018243584,0.7555067618301533,3.381619757102015,0.5671148738202325,2.166350156893478,0.4160872597253856,1.9021611133698835,0.3817508825124051
143,14.9812,1.3509047998732275,0.27871671554486904,2.3096114320413244,0.3945124817291694,1.873835690146735,0.34330128532213566,3.4426283609672574,0.5217315059184974,0.0,0.0,5.229308902735074,0.7139991154595599,4.57564528989319,0.644388109513281,4.357757418945896,0.6210267350943144,2.745387173935914,0.44422955568708916,1.917413264336194,0.34850826208259095,1.2201720773048508,0.2617647760248565
144,15.0885,1.5715861050634363,0.3418092166207102,1.9509344752511624,0.39309412871937877,3.956061574814857,0.6442327294965728,4.443795193627648,0.7028453868713649,0.0,0.0,6.882463287691601,0.9900831562810104,5.365069806940697,0.8122638244916959,4.443795193627648,0.7028453868713649,2.7096312156266147,0.490888511432851,1.8967418509386302,0.3858923108660561,2.113512348188759,0.4144938732936074
145,15.1958,1.7017891634766633,0.3619857064511474,2.1958569851311784,0.42797817648287845,3.1839926284402087,0.5535789638703501,4.1172318471209595,0.667961025978676,0.0,0.0,4.995574641173431,0.7735244300272567,5.379849613571388,0.8192769939277669,5.379849613571388,0.8192769939277669,3.348681902325047,0.5739884561986826,2.03116771124634,0.4063048300522647,1.2077213418221482,0.29196287741514987
146,15.3031,1.3175141910787072,0.3080101336503653,2.1958569851311784,0.42797817648287845,2.4154426836442964,0.456475760503805,4.0074389978644005,0.6546448520153326,0.0,0.0,5.270056764314829,0.8062270505596821,5.16026391505827,0.7931597723279622,4.281921121005798,0.6878786778879148,3.0193033545553702,0.5330488463813106,1.9762712866180605,0.3990149516058641,1.3724106157069866,0.31591393831086706
147,15.410400000000001,1.5422927946242297,0.34676062302306626,2.113512348188759,0.42554898307694916,3.313073410674271,0.5810161014695499,4.055658830308159,0.6737524866689376,0.0,0.0,6.054927267784013,0.9172260715894083,5.312341848150125,0.8275360374233197,4.741122294585595,0.7580119948417696,2.970341678535554,0.5374946551474628,1.9421464821194003,0.40238199717113954,1.6565367053371356,0.36291491482992994
148,15.5177,0.9489239114316879,0.22387089478891375,1.2077213418221482,0.2587974303904603,2.329176873514143,0.3947429165290816,2.8899046393601404,0.4581155623005002,0.0,0.0,4.917151177418747,0.6773545115596548,3.666296930531521,0.5434138203311399,3.2349678798807546,0.4963058050060421,2.113512348188759,0.36978762986671104,1.8547149177982991,0.339265310492901,1.2939871519523019,0.26999845799852984
149,15.625000000000002,0.751471057133781,0.20388437537070356,1.2681074089132556,0.2782568305176658,2.5831817588973722,0.4421161372006635,3.428586698172876,0.5400404037738101,0.0,0.0,4.133090814235796,0.6196156211974045,4.461859401731825,0.6563246080654783,3.2876858749602924,0.5239381621676159,2.2544131714013433,0.4029314650676424,1.2211404678423943,0.27188590248930483,0.9393388214172265,0.2322107715421553
150,15.7323,1.2632487598369597,0.2823461056711894,1.1660757783110398,0.26885803273240094,1.7977001582295196,0.35283171112104167,2.5750840104368797,0.4487018487363737,0.0,0.0,4.664303113244159,0.6904258887483434,4.518543640955279,0.6739592418966247,4.324197677903439,0.6519394225975299,2.672256991962799,0.46034287235559695,2.2835650658591193,0.41338739921494555,0.8259703429703198,0.21902668828295946
151,15.839599999999999,1.0567561740943798,0.25189436948832333,1.0567561740943798,0.25189436948832333,2.0174436050892703,0.37836163920575244,3.7947153524298183,0.5881424931357497,0.0,0.0,4.13095595327803,0.6263753043038862,3.938818467079052,0.6045638346201443,2.9300966645344166,0.48816746180434945,1.4410311464923362,0.30465787461350013,1.537099889591825,0.31730461534131166,0.8646186878954016,0.2236659954582582
152,15.946900000000001,0.9631195510733587,0.2515453352100974,1.1771461179785496,0.28376980095997456,2.6218254445885876,0.47675710406393657,3.7454649208408393,0.6148034593128339,0.0,0.0,4.280531338103817,0.6789498612784454,4.762091113640496,0.7361118217747956,3.5314383539356484,0.588911611251374,2.56831880286229,0.470020313067716,1.3376660431574428,0.3069593186864723,1.0701328345259542,0.2678716441983399
153,16.0542,1.2236124121092817,0.2962366412677162,1.9466561101738573,0.3976581688681662,2.5584623162284985,0.47793983351533176,3.3927435063030087,0.5832296546993901,0.0,0.0,5.005687140447062,0.7798116077570999,5.450637108486801,0.8331094462517707,3.7820747283377805,0.6313208014589271,2.3359873322086293,0.449138253241842,2.280368586203662,0.4418748218144635,0.8342811900745103,0.23571147333463258
154,16.161500000000004,1.1976569973069637,0.32906199994844465,1.9021611133698835,0.44080794956382857,2.324863583007635,0.503855906330985,4.367925519590103,0.791013088681549,0.0,0.0,6.05873539814111,1.0191393328150906,4.579276754408979,0.8198220490438224,3.874772638346059,0.7233328260445065,2.4657644062202193,0.5244495709396038,1.4090082321258395,0.3638043611795021,1.1272065857006717,0.3171572891201643
155,16.268800000000002,0.990708913213481,0.284199951448012,1.5851342611415695,0.3794126277625632,1.915370565546063,0.42875114953632393,3.236315783164038,0.6143305119837188,0.0,0.0,4.68935552254381,0.8082782319989966,4.227024696377518,0.7472394567628876,3.896788391973025,0.7033044831059452,1.7832760437842656,0.4092299423511293,1.8493233046651645,0.4190228955107909,0.5283780870471898,0.19814178264269622
156,16.3761,1.0567561740943796,0.2953723301147044,1.5851342611415695,0.3794126277625632,2.641890435235949,0.5324900407909215,3.170268522283139,0.6053331448624283,0.0,0.0,4.9535445660674045,0.8429520206485425,5.217733609591,0.877498511817788,3.170268522283139,0.6053331448624283,2.509795913474152,0.5139924129488405,1.7832760437842656,0.4092299423511293,1.188850695856177,0.31718161272189976
157,16.483400000000003,0.990708913213481,0.284199951448012,1.519087000260671,0.36930770496144333,1.5851342611415695,0.3794126277625632,3.170268522283139,0.6053331448624283,0.0,0.0,4.359119218139316,0.7647305994952597,3.5665520875685313,0.6590262412786623,3.764693870211228,0.68563809126164,1.519087000260671,0.36930770496144333,1.453039739379772,0.3591082563838055,0.9246616523325822,0.27281996156741956
158,16.590700000000002,0.9863057624880878,0.29274385485533866,1.1272065857006717,0.3171572891201643,1.1976569973069637,0.32906199994844465,3.240718933889431,0.6350965566489122,0.0,0.0,4.64972716601527,0.8294021368888195,3.874772638346059,0.7233328260445065,3.452070168708307,0.66469008199867,2.3953139946139275,0.5141754004164514,1.9021611133698835,0.44080794956382857,0.8454049392755038,0.26734051532669306
159,16.698,0.7685499447959125,0.26420889169187534,1.4602448951122338,0.3885826550215996,2.4593598233469205,0.5467960472567626,3.304764762622424,0.6727256958698157,0.0,0.0,3.996459712938745,0.7730085750648957,4.611299668775475,0.8608258425653632,3.304764762622424,0.6727256958698157,1.9213748619897812,0.4634530544611632,0.9991149282346863,0.3081178675291435,0.6148399558367301,0.23265158690566515
160,16.805300000000003,0.29767779551954354,0.137733334063506,1.1311756229742655,0.29217652353521156,1.5479245367016266,0.3548295686126274,2.679100159675892,0.510484445481734,0.0,0.0,3.0363135142993447,0.5573298005594349,3.0363135142993447,0.5573298005594349,2.3814223641563483,0.4708024857578339,1.012104504766448,0.27328327833724114,0.7144267092469047,0.22298565818290658,0.6548911501429958,0.21220251699762818
161,16.9126,0.6236593814327487,0.22269491854504486,0.6929548682586096,0.23641183124285053,1.8016826574723852,0.4219746221568152,1.5245007101689412,0.3791319802821986,0.0,0.0,2.8411149598603,0.5737623503541512,4.088433722725797,0.7465461524343467,2.9104104466861607,0.583557009772297,0.9701368155620536,0.2874979036033254,0.8315458419103317,0.2625984061331329,0.6929548682586096,0.23641183124285053
162,17.019900000000003,0.7194935653408543,0.2751783970734296,1.349050435014102,0.40006399971183293,1.7087972176845287,0.4645546018664769,1.5289238263493155,0.4327154939630486,0.0,0.0,4.676708174715552,0.9412549375838907,4.316961392045126,0.8858708670831329,2.698100870028204,0.630512917102803,1.5289238263493155,0.4327154939630486,1.4389871306817086,0.41650312510458404,1.0792403480112815,0.3490636512444877
163,17.127200000000002,0.9570621954062307,0.3059625572673398,0.6380414636041538,0.2420086515390123,1.2760829272083076,0.36400346476289425,1.3558381101588268,0.37791528842366806,0.0,0.0,3.6687384157238845,0.7392945317885763,3.1104521350702496,0.6562165783245822,2.5521658544166153,0.5713542113247272,1.5951036590103846,0.41859825029399667,1.03681737835675,0.3208962372707526,0.6380414636041538,0.2420086515390123
164,17.2345,0.6901264810412275,0.26316194435272106,1.380252962082455,0.39742696922004633,1.1214555316919947,0.3498711931470774,2.329176873514143,0.5582507862061379,0.0,0.0,3.278100784945831,0.708585220652681,3.5368982153362913,0.7486069387767361,2.0703794431236826,0.5158313297229832,1.5527845823427622,0.4279709778658822,0.7763922911713811,0.28156321574776494,0.34506324052061377,0.17943559355295016
165,17.341800000000003,0.6432428885791877,0.2609666391098402,0.9189184122559823,0.3206210641234857,1.5621613008351698,0.4433970231946544,1.5621613008351698,0.4433970231946544,0.0,0.0,3.675673649023929,0.7946525090221225,2.6648633955423486,0.631869901000051,2.9405389192191436,0.6768934757828697,2.113512348188759,0.5397423567704818,1.194593935932777,0.37522841568425197,0.5513510473535893,0.23931798343349958
166,17.4491,0.6432428885791877,0.2609666391098402,1.2864857771583753,0.392679003945353,0.9189184122559823,0.3206210641234857,2.297296030639956,0.5708174174850758,0.0,0.0,3.0324307604447416,0.691780878089396,2.6648633955423486,0.631869901000051,1.654053142060768,0.4598585623147526,1.4702694596095718,0.4267306858663881,0.827026571030384,0.3014398306640734,0.4594592061279911,0.21635559364041287
167,17.556400000000004,0.5396201740056408,0.23393842317553673,0.6295568696732475,0.25505503319520434,0.809430261008461,0.29451218414684033,1.8886706090197423,0.4957378763664691,0.0,0.0,2.6081641743605966,0.6158767274010281,2.2484173916901695,0.5565757123792849,1.9786073046873491,0.5111211874349,0.6295568696732475,0.25505503319520434,0.809430261008461,0.29451218414684033,0.6295568696732475,0.25505503319520434
168,17.663700000000002,1.0838524862506458,0.3841810283281381,0.9754672376255812,0.3607279120814614,1.300622983500775,0.4293520943845757,1.1922377348757105,0.4070232515797134,0.0,0.0,3.359942707377002,0.808477134436381,3.6850984532521958,0.8646468492179907,1.7341639780010332,0.5148482142558486,1.517393480750904,0.47275902390556773,0.9754672376255812,0.3607279120814614,0.5419262431253229,0.2574241071279244
169,17.771,0.5396201740056408,0.23393842317553673,0.5396201740056408,0.23393842317553673,0.8993669566760678,0.31320264868504494,1.618860522016922,0.4487256849644674,0.0,0.0,1.169177043678888,0.3663829875479396,2.7880375656958103,0.6450838162984065,1.4389871306817086,0.41650312510458404,1.0792403480112815,0.3490636512444877,0.35974678267042715,0.18737130519156595,0.7194935653408543,0.2751783970734296
170,17.878300000000003,0.36231640254664443,0.21796418821328464,0.8454049392755038,0.3500308993751637,0.7246328050932889,0.3201844765199327,2.053126281097652,0.6069582951339145,0.0,0.0,2.536214817826511,0.7000617987503273,3.985480428013089,0.9670393467872658,1.932354146915437,0.5831466674188616,0.48308853672885926,0.2549734837534846,1.3284934760043632,0.4592064474358538,0.24154426836442963,0.17560973136268396
171,17.9856,0.5032172257592284,0.2380645779349064,0.9057910063666113,0.33271102508257644,1.006434451518457,0.3541298385465064,0.8051475612147655,0.31059241477311694,0.0,0.0,2.214155793340605,0.5827230228533773,1.9122254578850681,0.5286917915118805,1.308364786973994,0.41525404393556514,0.9057910063666113,0.33271102508257644,0.40257378060738275,0.21065402472469907,0.30193033545553705,0.18043788748119424
172,18.092900000000004,0.10064344515184569,0.10183453329946114,0.6038606709110741,0.26354640320541095,0.7045041160629197,0.2876126010074419,1.2077213418221482,0.3953196048081164,0.0,0.0,1.5096516772776853,0.4540920587776765,2.717373019099834,0.6702970021518302,0.9057910063666113,0.33271102508257644,0.30193033545553705,0.18043788748119424,0.7045041160629197,0.2876126010074419,0.9057910063666113,0.33271102508257644
173,18.200200000000002,0.18786776428344526,0.1357625358350392,0.5636032928503358,0.24494959615533612,0.8454049392755038,0.30869823697831905,1.1272065857006717,0.36622169249795755,0.0,0.0,2.2544131714013433,0.5698311426055208,1.502942114267562,0.4374625935265495,1.1272065857006717,0.36622169249795755,0.8454049392755038,0.30869823697831905,0.5636032928503358,0.24494959615533612,0.18786776428344526,0.1357625358350392
174,18.3075,0.621621278879047,0.2977376219569017,0.3729727673274281,0.22463524576372462,0.621621278879047,0.2977376219569017,1.3675668135339032,0.47437195892951894,0.0,0.0,2.2378366039645687,0.6523104470549618,2.113512348188759,0.6278067175829883,2.8594578828436155,0.7720008090667015,0.8702697904306657,0.361207997957098,0.12432425577580937,0.12613930442375657,0.24864851155161874,0.18091836649057716
175,18.414800000000003,0.4227024696377519,0.25595905637532473,0.5636032928503358,0.30000076164068884,0.4227024696377519,0.25595905637532473,0.9863057624880878,0.4140023298378008,0.0,0.0,3.240718933889431,0.8981621638293442,1.1272065857006717,0.44852813967922117,1.4090082321258395,0.5144970616305318,0.9863057624880878,0.4140023298378008,0.14090082321258396,0.14322992022636183,0.5636032928503358,0.30000076164068884
176,18.522100000000002,0.7045041160629197,0.38047570809706815,1.0567561740943796,0.48234099527862345,1.0567561740943796,0.48234099527862345,1.2328822031101097,0.5295997721163437,0.0,0.0,1.9373863191730294,0.7054208426915322,2.2896383772044895,0.7884795987792141,2.641890435235949,0.8695525953677055,0.5283780870471898,0.32356417613337213,0.8806301450786498,0.4329142921354456,0.7045041160629197,0.38047570809706815
177,18.629400000000004,0.27271127073403345,0.19895928531126308,0.4090669061010502,0.24733884608268691,0.4090669061010502,0.24733884608268691,0.27271127073403345,0.19895928531126308,0.0,0.0,1.7726232597712175,0.58572027666819,1.908978895138234,0.6146990177916861,1.2272007183031506,0.46466878063784856,0.6817781768350836,0.32857044579470707,0.13635563536701673,0.13853746407042233,0.4090669061010502,0.24733884608268691
178,18.736700000000003,0.0,0.0,0.5283780870471898,0.39628356528539244,1.0567561740943796,0.5907446602294087,1.3209452176179746,0.6767830304730587,0.0,0.0,3.170268522283139,1.2106662897248566,3.434457565806734,1.2824058376897696,1.8493233046651645,0.8380457910215818,0.0,0.0,0.7925671305707848,0.4986458845539199,0.2641890435235949,0.27231983289467077
179,18.844,0.19213748619897814,0.1964557216901834,0.7685499447959125,0.41775093790753215,0.9606874309948906,0.4759569230119675,1.7292373757908033,0.6842311875116295,0.0,0.0,2.1135123481887597,0.7804661584253552,3.07419977918365,1.0100725147357312,0.9606874309948906,0.4759569230119675,0.19213748619897814,0.1964557216901834,0.19213748619897814,0.1964557216901834,0.9606874309948906,0.4759569230119675
180,18.951300000000003,0.18378368245119647,0.18773647192016762,0.36756736490239295,0.2709742564995485,0.5513510473535893,0.3384467378914348,1.1027020947071786,0.5054959208000407,0.0,0.0,2.021620506963161,0.7411034453350042,0.9189184122559823,0.45342665726592724,1.2864857771583753,0.5553319730386762,0.5513510473535893,0.3384467378914348,0.36756736490239295,0.2709742564995485,0.7351347298047859,0.39824919711236517
181,19.058600000000002,0.7045041160629197,0.5380739065443807,1.0567561740943796,0.6821331772115663,0.35225205803145987,0.3666355662230305,1.0567561740943796,0.6821331772115663,0.0,0.0,2.4657644062202193,1.172704891391552,2.818016464251679,1.2862426540763294,2.818016464251679,1.2862426540763294,1.4090082321258395,0.8134912821082521,0.35225205803145987,0.3666355662230305,0.0,0.0
182,19.1659,0.0,0.0,0.24864851155161874,0.2558572075733603,0.24864851155161874,0.2558572075733603,1.7405395808613313,0.7816566805366347,0.0,0.0,1.98918809241295,0.8528573585778676,2.7351336270678064,1.0583681486533139,1.7405395808613313,0.7816566805366347,0.994594046206475,0.5527147393672213,0.7459455346548562,0.46712921362737014,0.0,0.0
183,19.273200000000003,0.2641890435235949,0.27231983289467077,0.5283780870471898,0.39628356528539244,1.0567561740943796,0.5907446602294087,0.7925671305707848,0.4986458845539199,0.0,0.0,0.5283780870471898,0.39628356528539244,1.8493233046651645,0.8380457910215818,1.0567561740943796,0.5907446602294087,0.5283780870471898,0.39628356528539244,0.7925671305707848,0.4986458845539199,0.0,0.0
184,19.3805,0.2818016464251679,0.2910434889436016,0.5636032928503358,0.4242651458345204,0.8454049392755038,0.5346810306533861,2.2544131714013433,0.9869764907277886,0.0,0.0,1.4090082321258395,0.7276087223590042,1.4090082321258395,0.7276087223590042,0.5636032928503358,0.4242651458345204,0.8454049392755038,0.5346810306533861,0.5636032928503358,0.4242651458345204,0.8454049392755038,0.5346810306533861
185,19.487800000000004,0.0,0.0,0.2641890435235949,0.27231983289467077,0.0,0.0,1.0567561740943796,0.5907446602294087,0.0,0.0,0.2641890435235949,0.27231983289467077,2.113512348188759,0.9151776923717837,0.7925671305707848,0.4986458845539199,0.2641890435235949,0.27231983289467077,0.2641890435235949,0.27231983289467077,0.5283780870471898,0.39628356528539244
186,19.595100000000002,0.9393388214172265,0.7343149352982209,0.0,0.0,0.46966941070861323,0.495075028382765,1.4090082321258395,0.9393388214172262,0.0,0.0,2.348347053543066,1.3098454054190398,1.878677642834453,1.1289447618845738,1.878677642834453,1.1289447618845738,1.4090082321258395,0.9393388214172262,0.46966941070861323,0.495075028382765,0.9393388214172265,0.7343149352982209
187,19.7024,0.6503114917503875,0.4939470364218919,0.0,0.0,0.6503114917503875,0.4939470364218919,0.6503114917503875,0.4939470364218919,0.0,0.0,1.9509344752511624,0.9628800362464085,1.9509344752511624,0.9628800362464085,0.9754672376255812,0.6247990714333301,0.32515574587519375,0.33743006421378524,0.0,0.0,0.0,0.0
188,19.809700000000003,0.0,0.0,2.113512348188759,1.8303553847435674,1.0567561740943796,1.1814893204588175,3.170268522283139,2.421332579449713,0.0,0.0,4.227024696377518,2.9889578270515504,1.0567561740943796,1.1814893204588175,1.0567561740943796,1.1814893204588175,3.170268522283139,2.421332579449713,0.0,0.0,0.0,0.0
189,19.917,0.0,0.0,1.4090082321258395,1.6269825642165041,0.0,0.0,2.818016464251679,2.572485308152659,0.0,0.0,9.863057624880877,6.8061563767392945,4.227024696377518,3.451351212089303,2.818016464251679,2.572485308152659,2.818016464251679,2.572485308152659,0.0,0.0,2.818016464251679,2.572485308152659
190,20.024300000000004,0.0,0.0,0.0,0.0,0.0,0.0,1.0567561740943796,1.1814893204588175,0.0,0.0,1.0567561740943796,1.1814893204588175,2.113512348188759,1.8303553847435674,1.0567561740943796,1.1814893204588175,2.113512348188759,1.8303553847435674,0.0,0.0,1.0567561740943796,1.1814893204588175
191,20.131600000000002,0.0,0.0,0.0,0.0,2.818016464251679,2.572485308152659,2.818016464251679,2.572485308152659,0.0,0.0,2.818016464251679,2.572485308152659,4.227024696377518,3.451351212089303,1.4090082321258395,1.6269825642165041,0.0,0.0,0.0,0.0,0.0,0.0
192,20.2389,0.0,0.0,0.0,0.0,0.0,0.0,2.113512348188759,2.5885134090669775,0.0,0.0,6.340537044566278,5.788091943343482,2.113512348188759,2.5885134090669775,0.0,0.0,0.0,0.0,0.0,0.0,2.113512348188759,2.5885134090669775
193,20.346200000000003,0.0,0.0,0.0,0.0,6.340537044566278,5.788091943343482,2.113512348188759,2.5885134090669775,0.0,0.0,4.227024696377518,4.227024696377519,2.113512348188759,2.5885134090669775,2.113512348188759,2.5885134090669775,0.0,0.0,0.0,0.0,0.0,0.0
194,20.453500000000002,0.0,0.0,0.0,0.0,2.113512348188759,2.5885134090669775,0.0,0.0,0.0,0.0,0.0,0.0,2.113512348188759,2.5885134090669775,4.227024696377518,4.227024696377519,2.113512348188759,2.5885134090669775,0.0,0.0,0.0,0.0
195,20.560800000000004,0.0,0.0,0.0,0.0,0.0,0.0,0.0,0.0,0.0,0.0,0.0,0.0,0.0,0.0,0.0,0.0,0.0,0.0,0.0,0.0,0.0,0.0
196,20.668100000000003,0.0,0.0,0.0,0.0,0.0,0.0,0.0,0.0,0.0,0.0,0.0,0.0,0.0,0.0,0.0,0.0,0.0,0.0,0.0,0.0,0.0,0.0
197,20.7754,0.0,0.0,0.0,0.0,0.0,0.0,0.0,0.0,0.0,0.0,0.0,0.0,0.0,0.0,0.0,0.0,0.0,0.0,0.0,0.0,0.0,0.0
198,20.882700000000003,0.0,0.0,0.0,0.0,0.0,0.0,0.0,0.0,0.0,0.0,0.0,0.0,0.0,0.0,0.0,0.0,0.0,0.0,0.0,0.0,0.0,0.0
199,20.990000000000002,0.0,0.0,0.0,0.0,0.0,0.0,0.0,0.0,0.0,0.0,0.0,0.0,0.0,0.0,0.0,0.0,0.0,0.0,0.0,0.0,0.0,0.0
200,21.097300000000004,0.0,0.0,0.0,0.0,0.0,0.0,0.0,0.0,0.0,0.0,0.0,0.0,0.0,0.0,0.0,0.0,0.0,0.0,0.0,0.0,0.0,0.0
201,21.204600000000003,0.0,0.0,0.0,0.0,0.0,0.0,0.0,0.0,0.0,0.0,0.0,0.0,4.227024696377518,5.977915654103101,4.227024696377518,5.977915654103101,4.227024696377518,5.977915654103101,0.0,0.0,0.0,0.0
202,21.3119,0.0,0.0,0.0,0.0,0.0,0.0,0.0,0.0,0.0,0.0,0.0,0.0,0.0,0.0,0.0,0.0,0.0,0.0,0.0,0.0,0.0,0.0
203,21.419200000000004,0.0,0.0,0.0,0.0,0.0,0.0,0.0,0.0,0.0,0.0,0.0,0.0,0.0,0.0,0.0,0.0,0.0,0.0,0.0,0.0,0.0,0.0
204,21.526500000000002,0.0,0.0,0.0,0.0,0.0,0.0,0.0,0.0,0.0,0.0,0.0,0.0,0.0,0.0,0.0,0.0,0.0,0.0,0.0,0.0,0.0,0.0
205,21.6338,0.0,0.0,0.0,0.0,0.0,0.0,0.0,0.0,0.0,0.0,0.0,0.0,0.0,0.0,0.0,0.0,0.0,0.0,0.0,0.0,0.0,0.0
206,21.741100000000003,0.0,0.0,0.0,0.0,0.0,0.0,0.0,0.0,0.0,0.0,0.0,0.0,0.0,0.0,0.0,0.0,0.0,0.0,0.0,0.0,0.0,0.0
207,21.8484,0.0,0.0,0.0,0.0,0.0,0.0,4.227024696377518,5.977915654103101,0.0,0.0,0.0,0.0,0.0,0.0,4.227024696377518,5.977915654103101,0.0,0.0,4.227024696377518,5.977915654103101,0.0,0.0
208,21.955700000000004,0.0,0.0,0.0,0.0,0.0,0.0,0.0,0.0,0.0,0.0,0.0,0.0,0.0,0.0,0.0,0.0,0.0,0.0,0.0,0.0,0.0,0.0
209,22.063000000000002,0.0,0.0,0.0,0.0,0.0,0.0,0.0,0.0,0.0,0.0,0.0,0.0,0.0,0.0,0.0,0.0,0.0,0.0,0.0,0.0,0.0,0.0
210,22.1703,0.0,0.0,0.0,0.0,0.0,0.0,0.0,0.0,0.0,0.0,0.0,0.0,0.0,0.0,0.0,0.0,0.0,0.0,0.0,0.0,0.0,0.0
211,22.277600000000003,0.0,0.0,0.0,0.0,0.0,0.0,0.0,0.0,0.0,0.0,0.0,0.0,0.0,0.0,0.0,0.0,0.0,0.0,0.0,0.0,0.0,0.0
212,22.384900000000002,0.0,0.0,0.0,0.0,0.0,0.0,0.0,0.0,0.0,0.0,0.0,0.0,0.0,0.0,0.0,0.0,0.0,0.0,0.0,0.0,0.0,0.0
213,22.492200000000004,0.0,0.0,0.0,0.0,0.0,0.0,0.0,0.0,0.0,0.0,0.0,0.0,0.0,0.0,0.0,0.0,0.0,0.0,0.0,0.0,0.0,0.0
214,22.599500000000003,0.0,0.0,0.0,0.0,0.0,0.0,0.0,0.0,0.0,0.0,0.0,0.0,0.0,0.0,0.0,0.0,0.0,0.0,0.0,0.0,0.0,0.0
215,22.7068,0.0,0.0,0.0,0.0,0.0,0.0,0.0,0.0,0.0,0.0,0.0,0.0,0.0,0.0,0.0,0.0,0.0,0.0,0.0,0.0,0.0,0.0
216,22.814100000000003,0.0,0.0,0.0,0.0,0.0,0.0,0.0,0.0,0.0,0.0,0.0,0.0,0.0,0.0,0.0,0.0,0.0,0.0,0.0,0.0,0.0,0.0
217,22.921400000000002,0.0,0.0,0.0,0.0,0.0,0.0,0.0,0.0,0.0,0.0,0.0,0.0,0.0,0.0,0.0,0.0,0.0,0.0,0.0,0.0,0.0,0.0
218,23.028700000000004,0.0,0.0,0.0,0.0,0.0,0.0,0.0,0.0,0.0,0.0,0.0,0.0,0.0,0.0,0.0,0.0,0.0,0.0,0.0,0.0,0.0,0.0
219,23.136000000000003,0.0,0.0,0.0,0.0,0.0,0.0,0.0,0.0,0.0,0.0,4.227024696377518,5.977915654103101,0.0,0.0,0.0,0.0,0.0,0.0,0.0,0.0,0.0,0.0
220,23.2433,0.0,0.0,0.0,0.0,4.227024696377518,5.977915654103101,4.227024696377518,5.977915654103101,0.0,0.0,0.0,0.0,0.0,0.0,0.0,0.0,0.0,0.0,0.0,0.0,0.0,0.0
221,23.350600000000004,0.0,0.0,0.0,0.0,0.0,0.0,0.0,0.0,0.0,0.0,0.0,0.0,0.0,0.0,0.0,0.0,0.0,0.0,0.0,0.0,0.0,0.0
222,23.457900000000002,0.0,0.0,0.0,0.0,0.0,0.0,0.0,0.0,0.0,0.0,0.0,0.0,0.0,0.0,0.0,0.0,0.0,0.0,0.0,0.0,0.0,0.0
223,23.565200000000004,0.0,0.0,0.0,0.0,0.0,0.0,0.0,0.0,0.0,0.0,0.0,0.0,0.0,0.0,0.0,0.0,0.0,0.0,0.0,0.0,0.0,0.0
224,23.672500000000003,0.0,0.0,0.0,0.0,0.0,0.0,0.0,0.0,0.0,0.0,0.0,0.0,0.0,0.0,0.0,0.0,0.0,0.0,0.0,0.0,0.0,0.0
225,23.7798,0.0,0.0,0.0,0.0,0.0,0.0,0.0,0.0,0.0,0.0,0.0,0.0,0.0,0.0,0.0,0.0,0.0,0.0,0.0,0.0,0.0,0.0
226,23.887100000000004,0.0,0.0,0.0,0.0,0.0,0.0,0.0,0.0,0.0,0.0,0.0,0.0,0.0,0.0,0.0,0.0,0.0,0.0,0.0,0.0,0.0,0.0
227,23.994400000000002,0.0,0.0,0.0,0.0,0.0,0.0,0.0,0.0,0.0,0.0,4.227024696377518,5.977915654103101,0.0,0.0,0.0,0.0,4.227024696377518,5.977915654103101,0.0,0.0,0.0,0.0
228,24.1017,0.0,0.0,0.0,0.0,0.0,0.0,0.0,0.0,0.0,0.0,0.0,0.0,0.0,0.0,0.0,0.0,0.0,0.0,0.0,0.0,0.0,0.0
229,24.209000000000003,0.0,0.0,0.0,0.0,0.0,0.0,0.0,0.0,0.0,0.0,0.0,0.0,0.0,0.0,0.0,0.0,0.0,0.0,0.0,0.0,0.0,0.0
230,24.316300000000002,0.0,0.0,0.0,0.0,0.0,0.0,0.0,0.0,0.0,0.0,0.0,0.0,0.0,0.0,0.0,0.0,0.0,0.0,0.0,0.0,0.0,0.0
231,24.423600000000004,0.0,0.0,0.0,0.0,0.0,0.0,0.0,0.0,0.0,0.0,0.0,0.0,0.0,0.0,0.0,0.0,0.0,0.0,0.0,0.0,0.0,0.0
232,24.530900000000003,0.0,0.0,0.0,0.0,0.0,0.0,0.0,0.0,0.0,0.0,0.0,0.0,0.0,0.0,0.0,0.0,0.0,0.0,0.0,0.0,0.0,0.0
233,24.6382,0.0,0.0,0.0,0.0,0.0,0.0,0.0,0.0,0.0,0.0,0.0,0.0,0.0,0.0,0.0,0.0,0.0,0.0,0.0,0.0,0.0,0.0
234,24.745500000000003,0.0,0.0,0.0,0.0,0.0,0.0,0.0,0.0,0.0,0.0,0.0,0.0,0.0,0.0,0.0,0.0,0.0,0.0,0.0,0.0,0.0,0.0
235,24.852800000000002,0.0,0.0,0.0,0.0,0.0,0.0,0.0,0.0,0.0,0.0,0.0,0.0,0.0,0.0,0.0,0.0,0.0,0.0,0.0,0.0,0.0,0.0
236,24.960100000000004,0.0,0.0,0.0,0.0,0.0,0.0,0.0,0.0,0.0,0.0,0.0,0.0,0.0,0.0,0.0,0.0,0.0,0.0,0.0,0.0,0.0,0.0
237,25.067400000000003,0.0,0.0,0.0,0.0,0.0,0.0,0.0,0.0,0.0,0.0,0.0,0.0,0.0,0.0,0.0,0.0,0.0,0.0,0.0,0.0,0.0,0.0
238,25.1747,0.0,0.0,0.0,0.0,0.0,0.0,0.0,0.0,0.0,0.0,0.0,0.0,0.0,0.0,0.0,0.0,0.0,0.0,0.0,0.0,0.0,0.0
239,25.282000000000004,0.0,0.0,0.0,0.0,0.0,0.0,0.0,0.0,0.0,0.0,0.0,0.0,0.0,0.0,0.0,0.0,0.0,0.0,0.0,0.0,0.0,0.0
240,25.389300000000002,0.0,0.0,0.0,0.0,0.0,0.0,0.0,0.0,0.0,0.0,0.0,0.0,0.0,0.0,0.0,0.0,0.0,0.0,0.0,0.0,0.0,0.0
241,25.496600000000004,0.0,0.0,0.0,0.0,0.0,0.0,0.0,0.0,0.0,0.0,0.0,0.0,0.0,0.0,0.0,0.0,0.0,0.0,0.0,0.0,0.0,0.0
242,25.603900000000003,0.0,0.0,0.0,0.0,0.0,0.0,0.0,0.0,0.0,0.0,0.0,0.0,0.0,0.0,0.0,0.0,0.0,0.0,0.0,0.0,0.0,0.0
243,25.7112,0.0,0.0,0.0,0.0,0.0,0.0,0.0,0.0,0.0,0.0,0.0,0.0,0.0,0.0,0.0,0.0,0.0,0.0,0.0,0.0,0.0,0.0
244,25.818500000000004,0.0,0.0,0.0,0.0,0.0,0.0,0.0,0.0,0.0,0.0,0.0,0.0,0.0,0.0,0.0,0.0,0.0,0.0,0.0,0.0,0.0,0.0
245,25.925800000000002,0.0,0.0,0.0,0.0,0.0,0.0,0.0,0.0,0.0,0.0,0.0,0.0,0.0,0.0,0.0,0.0,0.0,0.0,0.0,0.0,0.0,0.0
246,26.0331,0.0,0.0,0.0,0.0,0.0,0.0,0.0,0.0,0.0,0.0,0.0,0.0,0.0,0.0,0.0,0.0,0.0,0.0,0.0,0.0,0.0,0.0
247,26.140400000000003,0.0,0.0,0.0,0.0,0.0,0.0,0.0,0.0,0.0,0.0,0.0,0.0,0.0,0.0,0.0,0.0,0.0,0.0,0.0,0.0,0.0,0.0
248,26.247700000000002,0.0,0.0,0.0,0.0,0.0,0.0,0.0,0.0,0.0,0.0,0.0,0.0,0.0,0.0,0.0,0.0,0.0,0.0,0.0,0.0,0.0,0.0
249,26.355000000000004,0.0,0.0,0.0,0.0,0.0,0.0,0.0,0.0,0.0,0.0,0.0,0.0,0.0,0.0,0.0,0.0,0.0,0.0,0.0,0.0,0.0,0.0
250,26.462300000000003,0.0,0.0,0.0,0.0,0.0,0.0,0.0,0.0,0.0,0.0,0.0,0.0,0.0,0.0,0.0,0.0,0.0,0.0,0.0,0.0,0.0,0.0
251,26.5696,0.0,0.0,0.0,0.0,0.0,0.0,0.0,0.0,0.0,0.0,0.0,0.0,0.0,0.0,0.0,0.0,0.0,0.0,0.0,0.0,0.0,0.0
252,26.676900000000003,0.0,0.0,0.0,0.0,0.0,0.0,0.0,0.0,0.0,0.0,0.0,0.0,0.0,0.0,0.0,0.0,0.0,0.0,0.0,0.0,0.0,0.0
253,26.784200000000002,0.0,0.0,0.0,0.0,0.0,0.0,0.0,0.0,0.0,0.0,0.0,0.0,0.0,0.0,0.0,0.0,0.0,0.0,0.0,0.0,0.0,0.0
254,26.891500000000004,0.0,0.0,0.0,0.0,0.0,0.0,0.0,0.0,0.0,0.0,0.0,0.0,0.0,0.0,0.0,0.0,0.0,0.0,0.0,0.0,0.0,0.0
255,26.998800000000003,0.0,0.0,0.0,0.0,0.0,0.0,0.0,0.0,0.0,0.0,0.0,0.0,0.0,0.0,0.0,0.0,0.0,0.0,0.0,0.0,0.0,0.0
256,27.1061,0.0,0.0,0.0,0.0,0.0,0.0,0.0,0.0,0.0,0.0,0.0,0.0,0.0,0.0,0.0,0.0,0.0,0.0,0.0,0.0,0.0,0.0
257,27.213400000000004,0.0,0.0,0.0,0.0,0.0,0.0,0.0,0.0,0.0,0.0,0.0,0.0,0.0,0.0,0.0,0.0,0.0,0.0,0.0,0.0,0.0,0.0
258,27.320700000000002,0.0,0.0,0.0,0.0,0.0,0.0,0.0,0.0,0.0,0.0,0.0,0.0,0.0,0.0,0.0,0.0,0.0,0.0,0.0,0.0,0.0,0.0
259,27.428000000000004,0.0,0.0,0.0,0.0,0.0,0.0,0.0,0.0,0.0,0.0,0.0,0.0,0.0,0.0,0.0,0.0,0.0,0.0,0.0,0.0,0.0,0.0
260,27.535300000000003,0.0,0.0,0.0,0.0,0.0,0.0,0.0,0.0,0.0,0.0,0.0,0.0,0.0,0.0,0.0,0.0,0.0,0.0,0.0,0.0,0.0,0.0
261,27.6426,0.0,0.0,0.0,0.0,0.0,0.0,0.0,0.0,0.0,0.0,0.0,0.0,0.0,0.0,0.0,0.0,0.0,0.0,0.0,0.0,0.0,0.0
262,27.749900000000004,0.0,0.0,0.0,0.0,0.0,0.0,0.0,0.0,0.0,0.0,0.0,0.0,0.0,0.0,0.0,0.0,0.0,0.0,0.0,0.0,0.0,0.0
263,27.857200000000002,0.0,0.0,0.0,0.0,0.0,0.0,0.0,0.0,0.0,0.0,0.0,0.0,0.0,0.0,0.0,0.0,0.0,0.0,0.0,0.0,0.0,0.0
264,27.964500000000005,0.0,0.0,0.0,0.0,0.0,0.0,0.0,0.0,0.0,0.0,0.0,0.0,0.0,0.0,0.0,0.0,0.0,0.0,0.0,0.0,0.0,0.0
265,28.071800000000003,0.0,0.0,0.0,0.0,0.0,0.0,0.0,0.0,0.0,0.0,0.0,0.0,0.0,0.0,0.0,0.0,0.0,0.0,0.0,0.0,0.0,0.0
266,28.179100000000002,0.0,0.0,0.0,0.0,0.0,0.0,0.0,0.0,0.0,0.0,0.0,0.0,0.0,0.0,0.0,0.0,0.0,0.0,0.0,0.0,0.0,0.0
267,28.286400000000004,0.0,0.0,0.0,0.0,0.0,0.0,0.0,0.0,0.0,0.0,0.0,0.0,0.0,0.0,0.0,0.0,0.0,0.0,0.0,0.0,0.0,0.0
268,28.393700000000003,0.0,0.0,0.0,0.0,0.0,0.0,0.0,0.0,0.0,0.0,0.0,0.0,0.0,0.0,0.0,0.0,0.0,0.0,0.0,0.0,0.0,0.0
269,28.501,0.0,0.0,0.0,0.0,0.0,0.0,0.0,0.0,0.0,0.0,0.0,0.0,0.0,0.0,0.0,0.0,0.0,0.0,0.0,0.0,0.0,0.0
270,28.608300000000003,0.0,0.0,0.0,0.0,0.0,0.0,0.0,0.0,0.0,0.0,0.0,0.0,0.0,0.0,0.0,0.0,0.0,0.0,0.0,0.0,0.0,0.0
271,28.715600000000002,0.0,0.0,0.0,0.0,0.0,0.0,0.0,0.0,0.0,0.0,0.0,0.0,0.0,0.0,0.0,0.0,0.0,0.0,0.0,0.0,0.0,0.0
272,28.822900000000004,0.0,0.0,0.0,0.0,0.0,0.0,0.0,0.0,0.0,0.0,0.0,0.0,0.0,0.0,0.0,0.0,0.0,0.0,0.0,0.0,0.0,0.0
273,28.930200000000003,0.0,0.0,0.0,0.0,0.0,0.0,0.0,0.0,0.0,0.0,0.0,0.0,0.0,0.0,0.0,0.0,0.0,0.0,0.0,0.0,0.0,0.0
274,29.0375,0.0,0.0,0.0,0.0,0.0,0.0,0.0,0.0,0.0,0.0,0.0,0.0,0.0,0.0,0.0,0.0,0.0,0.0,0.0,0.0,0.0,0.0
275,29.144800000000004,0.0,0.0,0.0,0.0,0.0,0.0,0.0,0.0,0.0,0.0,0.0,0.0,0.0,0.0,0.0,0.0,0.0,0.0,0.0,0.0,0.0,0.0
276,29.252100000000002,0.0,0.0,0.0,0.0,0.0,0.0,0.0,0.0,0.0,0.0,0.0,0.0,0.0,0.0,0.0,0.0,0.0,0.0,0.0,0.0,0.0,0.0
277,29.359400000000004,0.0,0.0,0.0,0.0,0.0,0.0,0.0,0.0,0.0,0.0,0.0,0.0,0.0,0.0,0.0,0.0,0.0,0.0,0.0,0.0,0.0,0.0
278,29.466700000000003,0.0,0.0,0.0,0.0,0.0,0.0,0.0,0.0,0.0,0.0,0.0,0.0,0.0,0.0,0.0,0.0,0.0,0.0,0.0,0.0,0.0,0.0
279,29.574,0.0,0.0,0.0,0.0,0.0,0.0,0.0,0.0,0.0,0.0,0.0,0.0,0.0,0.0,0.0,0.0,0.0,0.0,0.0,0.0,0.0,0.0
280,29.681300000000004,0.0,0.0,0.0,0.0,0.0,0.0,0.0,0.0,0.0,0.0,0.0,0.0,0.0,0.0,0.0,0.0,0.0,0.0,0.0,0.0,0.0,0.0
281,29.788600000000002,0.0,0.0,0.0,0.0,0.0,0.0,0.0,0.0,0.0,0.0,0.0,0.0,0.0,0.0,0.0,0.0,0.0,0.0,0.0,0.0,0.0,0.0
282,29.895900000000005,0.0,0.0,0.0,0.0,0.0,0.0,0.0,0.0,0.0,0.0,0.0,0.0,0.0,0.0,0.0,0.0,0.0,0.0,0.0,0.0,0.0,0.0
283,30.003200000000003,0.0,0.0,0.0,0.0,0.0,0.0,0.0,0.0,0.0,0.0,0.0,0.0,0.0,0.0,0.0,0.0,0.0,0.0,0.0,0.0,0.0,0.0
284,30.110500000000002,0.0,0.0,0.0,0.0,0.0,0.0,0.0,0.0,0.0,0.0,0.0,0.0,0.0,0.0,0.0,0.0,0.0,0.0,0.0,0.0,0.0,0.0
285,30.217800000000004,0.0,0.0,0.0,0.0,0.0,0.0,0.0,0.0,0.0,0.0,0.0,0.0,0.0,0.0,0.0,0.0,0.0,0.0,0.0,0.0,0.0,0.0
286,30.325100000000003,0.0,0.0,0.0,0.0,0.0,0.0,0.0,0.0,0.0,0.0,0.0,0.0,0.0,0.0,0.0,0.0,0.0,0.0,0.0,0.0,0.0,0.0
287,30.4324,0.0,0.0,0.0,0.0,0.0,0.0,0.0,0.0,0.0,0.0,0.0,0.0,0.0,0.0,0.0,0.0,0.0,0.0,0.0,0.0,0.0,0.0
288,30.539700000000003,0.0,0.0,0.0,0.0,0.0,0.0,0.0,0.0,0.0,0.0,0.0,0.0,0.0,0.0,0.0,0.0,0.0,0.0,0.0,0.0,0.0,0.0
289,30.647000000000002,0.0,0.0,0.0,0.0,0.0,0.0,0.0,0.0,0.0,0.0,0.0,0.0,0.0,0.0,0.0,0.0,0.0,0.0,0.0,0.0,0.0,0.0
290,30.754300000000004,0.0,0.0,0.0,0.0,0.0,0.0,0.0,0.0,0.0,0.0,0.0,0.0,0.0,0.0,0.0,0.0,0.0,0.0,0.0,0.0,0.0,0.0
291,30.861600000000003,0.0,0.0,0.0,0.0,0.0,0.0,0.0,0.0,0.0,0.0,0.0,0.0,0.0,0.0,0.0,0.0,0.0,0.0,0.0,0.0,0.0,0.0
292,30.9689,0.0,0.0,0.0,0.0,0.0,0.0,0.0,0.0,0.0,0.0,0.0,0.0,0.0,0.0,0.0,0.0,0.0,0.0,0.0,0.0,0.0,0.0
293,31.076200000000004,0.0,0.0,0.0,0.0,0.0,0.0,0.0,0.0,0.0,0.0,0.0,0.0,0.0,0.0,0.0,0.0,0.0,0.0,0.0,0.0,0.0,0.0
294,31.183500000000002,0.0,0.0,0.0,0.0,0.0,0.0,0.0,0.0,0.0,0.0,0.0,0.0,0.0,0.0,0.0,0.0,0.0,0.0,0.0,0.0,0.0,0.0
295,31.290800000000004,0.0,0.0,0.0,0.0,0.0,0.0,0.0,0.0,0.0,0.0,0.0,0.0,0.0,0.0,0.0,0.0,0.0,0.0,0.0,0.0,0.0,0.0
296,31.398100000000003,0.0,0.0,0.0,0.0,0.0,0.0,0.0,0.0,0.0,0.0,0.0,0.0,0.0,0.0,0.0,0.0,0.0,0.0,0.0,0.0,0.0,0.0
297,31.5054,0.0,0.0,0.0,0.0,0.0,0.0,0.0,0.0,0.0,0.0,0.0,0.0,0.0,0.0,0.0,0.0,0.0,0.0,0.0,0.0,0.0,0.0
298,31.612700000000004,0.0,0.0,0.0,0.0,0.0,0.0,0.0,0.0,0.0,0.0,0.0,0.0,0.0,0.0,0.0,0.0,0.0,0.0,0.0,0.0,0.0,0.0
299,31.720000000000006,0.0,0.0,0.0,0.0,0.0,0.0,0.0,0.0,0.0,0.0,0.0,0.0,0.0,0.0,0.0,0.0,0.0,0.0,0.0,0.0,0.0,0.0
300,31.8273,0.0,0.0,0.0,0.0,0.0,0.0,0.0,0.0,0.0,0.0,0.0,0.0,0.0,0.0,0.0,0.0,0.0,0.0,0.0,0.0,0.0,0.0
301,31.934600000000003,0.0,0.0,0.0,0.0,0.0,0.0,0.0,0.0,0.0,0.0,0.0,0.0,0.0,0.0,0.0,0.0,0.0,0.0,0.0,0.0,0.0,0.0
302,32.041900000000005,0.0,0.0,0.0,0.0,0.0,0.0,0.0,0.0,0.0,0.0,0.0,0.0,0.0,0.0,0.0,0.0,0.0,0.0,0.0,0.0,0.0,0.0
303,32.1492,0.0,0.0,0.0,0.0,0.0,0.0,0.0,0.0,0.0,0.0,0.0,0.0,0.0,0.0,0.0,0.0,0.0,0.0,0.0,0.0,0.0,0.0
304,32.2565,0.0,0.0,0.0,0.0,0.0,0.0,0.0,0.0,0.0,0.0,0.0,0.0,0.0,0.0,0.0,0.0,0.0,0.0,0.0,0.0,0.0,0.0
305,32.363800000000005,0.0,0.0,0.0,0.0,0.0,0.0,0.0,0.0,0.0,0.0,0.0,0.0,0.0,0.0,0.0,0.0,0.0,0.0,0.0,0.0,0.0,0.0
306,32.4711,0.0,0.0,0.0,0.0,0.0,0.0,0.0,0.0,0.0,0.0,0.0,0.0,0.0,0.0,0.0,0.0,0.0,0.0,0.0,0.0,0.0,0.0
307,32.5784,0.0,0.0,0.0,0.0,0.0,0.0,0.0,0.0,0.0,0.0,0.0,0.0,0.0,0.0,0.0,0.0,0.0,0.0,0.0,0.0,0.0,0.0
308,32.685700000000004,0.0,0.0,0.0,0.0,0.0,0.0,0.0,0.0,0.0,0.0,0.0,0.0,0.0,0.0,0.0,0.0,0.0,0.0,0.0,0.0,0.0,0.0
309,32.793000000000006,0.0,0.0,0.0,0.0,0.0,0.0,0.0,0.0,0.0,0.0,0.0,0.0,0.0,0.0,0.0,0.0,0.0,0.0,0.0,0.0,0.0,0.0
310,32.9003,0.0,0.0,0.0,0.0,0.0,0.0,0.0,0.0,0.0,0.0,0.0,0.0,0.0,0.0,0.0,0.0,0.0,0.0,0.0,0.0,0.0,0.0
311,33.007600000000004,0.0,0.0,0.0,0.0,0.0,0.0,0.0,0.0,0.0,0.0,0.0,0.0,0.0,0.0,0.0,0.0,0.0,0.0,0.0,0.0,0.0,0.0
312,33.114900000000006,0.0,0.0,0.0,0.0,0.0,0.0,0.0,0.0,0.0,0.0,0.0,0.0,0.0,0.0,0.0,0.0,0.0,0.0,0.0,0.0,0.0,0.0
313,33.2222,0.0,0.0,0.0,0.0,0.0,0.0,0.0,0.0,0.0,0.0,0.0,0.0,0.0,0.0,0.0,0.0,0.0,0.0,0.0,0.0,0.0,0.0
314,33.3295,0.0,0.0,0.0,0.0,0.0,0.0,0.0,0.0,0.0,0.0,0.0,0.0,0.0,0.0,0.0,0.0,0.0,0.0,0.0,0.0,0.0,0.0
315,33.436800000000005,0.0,0.0,0.0,0.0,0.0,0.0,0.0,0.0,0.0,0.0,0.0,0.0,0.0,0.0,0.0,0.0,0.0,0.0,0.0,0.0,0.0,0.0
316,33.5441,0.0,0.0,0.0,0.0,0.0,0.0,0.0,0.0,0.0,0.0,0.0,0.0,0.0,0.0,0.0,0.0,0.0,0.0,0.0,0.0,0.0,0.0
317,33.6514,0.0,0.0,0.0,0.0,0.0,0.0,0.0,0.0,0.0,0.0,0.0,0.0,0.0,0.0,0.0,0.0,0.0,0.0,0.0,0.0,0.0,0.0
318,33.758700000000005,0.0,0.0,0.0,0.0,0.0,0.0,0.0,0.0,0.0,0.0,0.0,0.0,0.0,0.0,0.0,0.0,0.0,0.0,0.0,0.0,0.0,0.0
319,33.866,0.0,0.0,0.0,0.0,0.0,0.0,0.0,0.0,0.0,0.0,0.0,0.0,0.0,0.0,0.0,0.0,0.0,0.0,0.0,0.0,0.0,0.0
320,33.9733,0.0,0.0,0.0,0.0,0.0,0.0,0.0,0.0,0.0,0.0,0.0,0.0,0.0,0.0,0.0,0.0,0.0,0.0,0.0,0.0,0.0,0.0
321,34.080600000000004,0.0,0.0,0.0,0.0,0.0,0.0,0.0,0.0,0.0,0.0,0.0,0.0,0.0,0.0,0.0,0.0,0.0,0.0,0.0,0.0,0.0,0.0
322,34.187900000000006,0.0,0.0,0.0,0.0,0.0,0.0,0.0,0.0,0.0,0.0,0.0,0.0,0.0,0.0,0.0,0.0,0.0,0.0,0.0,0.0,0.0,0.0
323,34.2952,0.0,0.0,0.0,0.0,0.0,0.0,0.0,0.0,0.0,0.0,0.0,0.0,0.0,0.0,0.0,0.0,0.0,0.0,0.0,0.0,0.0,0.0
324,34.4025,0.0,0.0,0.0,0.0,0.0,0.0,0.0,0.0,0.0,0.0,0.0,0.0,0.0,0.0,0.0,0.0,0.0,0.0,0.0,0.0,0.0,0.0
325,34.509800000000006,0.0,0.0,0.0,0.0,0.0,0.0,0.0,0.0,0.0,0.0,0.0,0.0,0.0,0.0,0.0,0.0,0.0,0.0,0.0,0.0,0.0,0.0
326,34.6171,0.0,0.0,0.0,0.0,0.0,0.0,0.0,0.0,0.0,0.0,0.0,0.0,0.0,0.0,0.0,0.0,0.0,0.0,0.0,0.0,0.0,0.0
327,34.7244,0.0,0.0,0.0,0.0,0.0,0.0,0.0,0.0,0.0,0.0,0.0,0.0,0.0,0.0,0.0,0.0,0.0,0.0,0.0,0.0,0.0,0.0
328,34.831700000000005,0.0,0.0,0.0,0.0,0.0,0.0,0.0,0.0,0.0,0.0,0.0,0.0,0.0,0.0,0.0,0.0,0.0,0.0,0.0,0.0,0.0,0.0
329,34.939,0.0,0.0,0.0,0.0,0.0,0.0,0.0,0.0,0.0,0.0,0.0,0.0,0.0,0.0,0.0,0.0,0.0,0.0,0.0,0.0,0.0,0.0
330,35.0463,0.0,0.0,0.0,0.0,0.0,0.0,0.0,0.0,0.0,0.0,0.0,0.0,0.0,0.0,0.0,0.0,0.0,0.0,0.0,0.0,0.0,0.0
331,35.153600000000004,0.0,0.0,0.0,0.0,0.0,0.0,0.0,0.0,0.0,0.0,0.0,0.0,0.0,0.0,0.0,0.0,0.0,0.0,0.0,0.0,0.0,0.0
332,35.26090000000001,0.0,0.0,0.0,0.0,0.0,0.0,0.0,0.0,0.0,0.0,0.0,0.0,0.0,0.0,0.0,0.0,0.0,0.0,0.0,0.0,0.0,0.0
333,35.3682,0.0,0.0,0.0,0.0,0.0,0.0,0.0,0.0,0.0,0.0,0.0,0.0,0.0,0.0,0.0,0.0,0.0,0.0,0.0,0.0,0.0,0.0
334,35.475500000000004,0.0,0.0,0.0,0.0,0.0,0.0,0.0,0.0,0.0,0.0,0.0,0.0,0.0,0.0,0.0,0.0,0.0,0.0,0.0,0.0,0.0,0.0
335,35.582800000000006,0.0,0.0,0.0,0.0,0.0,0.0,0.0,0.0,0.0,0.0,0.0,0.0,0.0,0.0,0.0,0.0,0.0,0.0,0.0,0.0,0.0,0.0
336,35.6901,0.0,0.0,0.0,0.0,0.0,0.0,0.0,0.0,0.0,0.0,0.0,0.0,0.0,0.0,0.0,0.0,0.0,0.0,0.0,0.0,0.0,0.0
337,35.7974,0.0,0.0,0.0,0.0,0.0,0.0,0.0,0.0,0.0,0.0,0.0,0.0,0.0,0.0,0.0,0.0,0.0,0.0,0.0,0.0,0.0,0.0
338,35.904700000000005,0.0,0.0,0.0,0.0,0.0,0.0,0.0,0.0,0.0,0.0,0.0,0.0,0.0,0.0,0.0,0.0,0.0,0.0,0.0,0.0,0.0,0.0
339,36.012,0.0,0.0,0.0,0.0,0.0,0.0,0.0,0.0,0.0,0.0,0.0,0.0,0.0,0.0,0.0,0.0,0.0,0.0,0.0,0.0,0.0,0.0
340,36.1193,0.0,0.0,0.0,0.0,0.0,0.0,0.0,0.0,0.0,0.0,0.0,0.0,0.0,0.0,0.0,0.0,0.0,0.0,0.0,0.0,0.0,0.0
341,36.226600000000005,0.0,0.0,0.0,0.0,0.0,0.0,0.0,0.0,0.0,0.0,0.0,0.0,0.0,0.0,0.0,0.0,0.0,0.0,0.0,0.0,0.0,0.0
342,36.3339,0.0,0.0,0.0,0.0,0.0,0.0,0.0,0.0,0.0,0.0,0.0,0.0,0.0,0.0,0.0,0.0,0.0,0.0,0.0,0.0,0.0,0.0
343,36.4412,0.0,0.0,0.0,0.0,0.0,0.0,0.0,0.0,0.0,0.0,0.0,0.0,0.0,0.0,0.0,0.0,0.0,0.0,0.0,0.0,0.0,0.0
344,36.548500000000004,0.0,0.0,0.0,0.0,0.0,0.0,0.0,0.0,0.0,0.0,0.0,0.0,0.0,0.0,0.0,0.0,0.0,0.0,0.0,0.0,0.0,0.0
345,36.655800000000006,0.0,0.0,0.0,0.0,0.0,0.0,0.0,0.0,0.0,0.0,0.0,0.0,0.0,0.0,0.0,0.0,0.0,0.0,0.0,0.0,0.0,0.0
346,36.7631,0.0,0.0,0.0,0.0,0.0,0.0,0.0,0.0,0.0,0.0,0.0,0.0,0.0,0.0,0.0,0.0,0.0,0.0,0.0,0.0,0.0,0.0
347,36.870400000000004,0.0,0.0,0.0,0.0,0.0,0.0,0.0,0.0,0.0,0.0,0.0,0.0,0.0,0.0,0.0,0.0,0.0,0.0,0.0,0.0,0.0,0.0
348,36.977700000000006,0.0,0.0,0.0,0.0,0.0,0.0,0.0,0.0,0.0,0.0,0.0,0.0,0.0,0.0,0.0,0.0,0.0,0.0,0.0,0.0,0.0,0.0
349,37.085,0.0,0.0,0.0,0.0,0.0,0.0,0.0,0.0,0.0,0.0,0.0,0.0,0.0,0.0,0.0,0.0,0.0,0.0,0.0,0.0,0.0,0.0
350,37.1923,0.0,0.0,0.0,0.0,0.0,0.0,0.0,0.0,0.0,0.0,0.0,0.0,0.0,0.0,0.0,0.0,0.0,0.0,0.0,0.0,0.0,0.0
351,37.299600000000005,0.0,0.0,0.0,0.0,0.0,0.0,0.0,0.0,0.0,0.0,0.0,0.0,0.0,0.0,0.0,0.0,0.0,0.0,0.0,0.0,0.0,0.0
352,37.4069,0.0,0.0,0.0,0.0,0.0,0.0,0.0,0.0,0.0,0.0,0.0,0.0,0.0,0.0,0.0,0.0,0.0,0.0,0.0,0.0,0.0,0.0
353,37.5142,0.0,0.0,0.0,0.0,0.0,0.0,0.0,0.0,0.0,0.0,0.0,0.0,0.0,0.0,0.0,0.0,0.0,0.0,0.0,0.0,0.0,0.0
354,37.621500000000005,0.0,0.0,0.0,0.0,0.0,0.0,0.0,0.0,0.0,0.0,0.0,0.0,0.0,0.0,0.0,0.0,0.0,0.0,0.0,0.0,0.0,0.0
355,37.72880000000001,0.0,0.0,0.0,0.0,0.0,0.0,0.0,0.0,0.0,0.0,0.0,0.0,0.0,0.0,0.0,0.0,0.0,0.0,0.0,0.0,0.0,0.0
356,37.8361,0.0,0.0,0.0,0.0,0.0,0.0,0.0,0.0,0.0,0.0,0.0,0.0,0.0,0.0,0.0,0.0,0.0,0.0,0.0,0.0,0.0,0.0
357,37.943400000000004,0.0,0.0,0.0,0.0,0.0,0.0,0.0,0.0,0.0,0.0,0.0,0.0,0.0,0.0,0.0,0.0,0.0,0.0,0.0,0.0,0.0,0.0
358,38.050700000000006,0.0,0.0,0.0,0.0,0.0,0.0,0.0,0.0,0.0,0.0,0.0,0.0,0.0,0.0,0.0,0.0,0.0,0.0,0.0,0.0,0.0,0.0
359,38.158,0.0,0.0,0.0,0.0,0.0,0.0,0.0,0.0,0.0,0.0,0.0,0.0,0.0,0.0,0.0,0.0,0.0,0.0,0.0,0.0,0.0,0.0
360,38.2653,0.0,0.0,0.0,0.0,0.0,0.0,0.0,0.0,0.0,0.0,0.0,0.0,0.0,0.0,0.0,0.0,0.0,0.0,0.0,0.0,0.0,0.0
361,38.372600000000006,0.0,0.0,0.0,0.0,0.0,0.0,0.0,0.0,0.0,0.0,0.0,0.0,0.0,0.0,0.0,0.0,0.0,0.0,0.0,0.0,0.0,0.0
362,38.4799,0.0,0.0,0.0,0.0,0.0,0.0,0.0,0.0,0.0,0.0,0.0,0.0,0.0,0.0,0.0,0.0,0.0,0.0,0.0,0.0,0.0,0.0
363,38.5872,0.0,0.0,0.0,0.0,0.0,0.0,0.0,0.0,0.0,0.0,0.0,0.0,0.0,0.0,0.0,0.0,0.0,0.0,0.0,0.0,0.0,0.0
364,38.694500000000005,0.0,0.0,0.0,0.0,0.0,0.0,0.0,0.0,0.0,0.0,0.0,0.0,0.0,0.0,0.0,0.0,0.0,0.0,0.0,0.0,0.0,0.0
365,38.8018,0.0,0.0,0.0,0.0,0.0,0.0,0.0,0.0,0.0,0.0,0.0,0.0,0.0,0.0,0.0,0.0,0.0,0.0,0.0,0.0,0.0,0.0
366,38.9091,0.0,0.0,0.0,0.0,0.0,0.0,0.0,0.0,0.0,0.0,0.0,0.0,0.0,0.0,0.0,0.0,0.0,0.0,0.0,0.0,0.0,0.0
367,39.016400000000004,0.0,0.0,0.0,0.0,0.0,0.0,0.0,0.0,0.0,0.0,0.0,0.0,0.0,0.0,0.0,0.0,0.0,0.0,0.0,0.0,0.0,0.0
368,39.12370000000001,0.0,0.0,0.0,0.0,0.0,0.0,0.0,0.0,0.0,0.0,0.0,0.0,0.0,0.0,0.0,0.0,0.0,0.0,0.0,0.0,0.0,0.0
369,39.231,0.0,0.0,0.0,0.0,0.0,0.0,0.0,0.0,0.0,0.0,0.0,0.0,0.0,0.0,0.0,0.0,0.0,0.0,0.0,0.0,0.0,0.0
370,39.338300000000004,0.0,0.0,0.0,0.0,0.0,0.0,0.0,0.0,0.0,0.0,0.0,0.0,0.0,0.0,0.0,0.0,0.0,0.0,0.0,0.0,0.0,0.0
371,39.445600000000006,0.0,0.0,0.0,0.0,0.0,0.0,0.0,0.0,0.0,0.0,0.0,0.0,0.0,0.0,0.0,0.0,0.0,0.0,0.0,0.0,0.0,0.0
372,39.5529,0.0,0.0,0.0,0.0,0.0,0.0,0.0,0.0,0.0,0.0,0.0,0.0,0.0,0.0,0.0,0.0,0.0,0.0,0.0,0.0,0.0,0.0
373,39.6602,0.0,0.0,0.0,0.0,0.0,0.0,0.0,0.0,0.0,0.0,0.0,0.0,0.0,0.0,0.0,0.0,0.0,0.0,0.0,0.0,0.0,0.0
374,39.767500000000005,0.0,0.0,0.0,0.0,0.0,0.0,0.0,0.0,0.0,0.0,0.0,0.0,0.0,0.0,0.0,0.0,0.0,0.0,0.0,0.0,0.0,0.0
375,39.8748,0.0,0.0,0.0,0.0,0.0,0.0,0.0,0.0,0.0,0.0,0.0,0.0,0.0,0.0,0.0,0.0,0.0,0.0,0.0,0.0,0.0,0.0
376,39.9821,0.0,0.0,0.0,0.0,0.0,0.0,0.0,0.0,0.0,0.0,0.0,0.0,0.0,0.0,0.0,0.0,0.0,0.0,0.0,0.0,0.0,0.0
377,40.089400000000005,0.0,0.0,0.0,0.0,0.0,0.0,0.0,0.0,0.0,0.0,0.0,0.0,0.0,0.0,0.0,0.0,0.0,0.0,0.0,0.0,0.0,0.0
378,40.19670000000001,0.0,0.0,0.0,0.0,0.0,0.0,0.0,0.0,0.0,0.0,0.0,0.0,0.0,0.0,0.0,0.0,0.0,0.0,0.0,0.0,0.0,0.0
379,40.304,0.0,0.0,0.0,0.0,0.0,0.0,0.0,0.0,0.0,0.0,0.0,0.0,0.0,0.0,0.0,0.0,0.0,0.0,0.0,0.0,0.0,0.0
380,40.411300000000004,0.0,0.0,0.0,0.0,0.0,0.0,0.0,0.0,0.0,0.0,0.0,0.0,0.0,0.0,0.0,0.0,0.0,0.0,0.0,0.0,0.0,0.0
381,40.518600000000006,0.0,0.0,0.0,0.0,0.0,0.0,0.0,0.0,0.0,0.0,0.0,0.0,0.0,0.0,0.0,0.0,0.0,0.0,0.0,0.0,0.0,0.0
382,40.6259,0.0,0.0,0.0,0.0,0.0,0.0,0.0,0.0,0.0,0.0,0.0,0.0,0.0,0.0,0.0,0.0,0.0,0.0,0.0,0.0,0.0,0.0
383,40.733200000000004,0.0,0.0,0.0,0.0,0.0,0.0,0.0,0.0,0.0,0.0,0.0,0.0,0.0,0.0,0.0,0.0,0.0,0.0,0.0,0.0,0.0,0.0
384,40.840500000000006,0.0,0.0,0.0,0.0,0.0,0.0,0.0,0.0,0.0,0.0,0.0,0.0,0.0,0.0,0.0,0.0,0.0,0.0,0.0,0.0,0.0,0.0
385,40.9478,0.0,0.0,0.0,0.0,0.0,0.0,0.0,0.0,0.0,0.0,0.0,0.0,0.0,0.0,0.0,0.0,0.0,0.0,0.0,0.0,0.0,0.0
386,41.0551,0.0,0.0,0.0,0.0,0.0,0.0,0.0,0.0,0.0,0.0,0.0,0.0,0.0,0.0,0.0,0.0,0.0,0.0,0.0,0.0,0.0,0.0
387,41.162400000000005,0.0,0.0,0.0,0.0,0.0,0.0,0.0,0.0,0.0,0.0,0.0,0.0,0.0,0.0,0.0,0.0,0.0,0.0,0.0,0.0,0.0,0.0
388,41.2697,0.0,0.0,0.0,0.0,0.0,0.0,0.0,0.0,0.0,0.0,0.0,0.0,0.0,0.0,0.0,0.0,0.0,0.0,0.0,0.0,0.0,0.0
389,41.377,0.0,0.0,0.0,0.0,0.0,0.0,0.0,0.0,0.0,0.0,0.0,0.0,0.0,0.0,0.0,0.0,0.0,0.0,0.0,0.0,0.0,0.0
390,41.484300000000005,0.0,0.0,0.0,0.0,0.0,0.0,0.0,0.0,0.0,0.0,0.0,0.0,0.0,0.0,0.0,0.0,0.0,0.0,0.0,0.0,0.0,0.0
391,41.59160000000001,0.0,0.0,0.0,0.0,0.0,0.0,0.0,0.0,0.0,0.0,0.0,0.0,0.0,0.0,0.0,0.0,0.0,0.0,0.0,0.0,0.0,0.0
392,41.6989,0.0,0.0,0.0,0.0,0.0,0.0,0.0,0.0,0.0,0.0,0.0,0.0,0.0,0.0,0.0,0.0,0.0,0.0,0.0,0.0,0.0,0.0
393,41.806200000000004,0.0,0.0,0.0,0.0,0.0,0.0,0.0,0.0,0.0,0.0,0.0,0.0,0.0,0.0,0.0,0.0,0.0,0.0,0.0,0.0,0.0,0.0
394,41.913500000000006,0.0,0.0,0.0,0.0,0.0,0.0,0.0,0.0,0.0,0.0,0.0,0.0,0.0,0.0,0.0,0.0,0.0,0.0,0.0,0.0,0.0,0.0
395,42.0208,0.0,0.0,0.0,0.0,0.0,0.0,0.0,0.0,0.0,0.0,0.0,0.0,0.0,0.0,0.0,0.0,0.0,0.0,0.0,0.0,0.0,0.0
396,42.1281,0.0,0.0,0.0,0.0,0.0,0.0,0.0,0.0,0.0,0.0,0.0,0.0,0.0,0.0,0.0,0.0,0.0,0.0,0.0,0.0,0.0,0.0
397,42.235400000000006,0.0,0.0,0.0,0.0,0.0,0.0,0.0,0.0,0.0,0.0,0.0,0.0,0.0,0.0,0.0,0.0,0.0,0.0,0.0,0.0,0.0,0.0
398,42.3427,0.0,0.0,0.0,0.0,0.0,0.0,0.0,0.0,0.0,0.0,0.0,0.0,0.0,0.0,0.0,0.0,0.0,0.0,0.0,0.0,0.0,0.0
399,42.45,0.0,0.0,0.0,0.0,0.0,0.0,0.0,0.0,0.0,0.0,0.0,0.0,0.0,0.0,0.0,0.0,0.0,0.0,0.0,0.0,0.0,0.0
400,42.557300000000005,0.0,0.0,0.0,0.0,0.0,0.0,0.0,0.0,0.0,0.0,0.0,0.0,0.0,0.0,0.0,0.0,0.0,0.0,0.0,0.0,0.0,0.0
401,42.66460000000001,0.0,0.0,0.0,0.0,0.0,0.0,0.0,0.0,0.0,0.0,0.0,0.0,0.0,0.0,0.0,0.0,0.0,0.0,0.0,0.0,0.0,0.0
402,42.7719,0.0,0.0,0.0,0.0,0.0,0.0,0.0,0.0,0.0,0.0,0.0,0.0,0.0,0.0,0.0,0.0,0.0,0.0,0.0,0.0,0.0,0.0
403,42.879200000000004,0.0,0.0,0.0,0.0,0.0,0.0,0.0,0.0,0.0,0.0,0.0,0.0,0.0,0.0,0.0,0.0,0.0,0.0,0.0,0.0,0.0,0.0
404,42.98650000000001,0.0,0.0,0.0,0.0,0.0,0.0,0.0,0.0,0.0,0.0,0.0,0.0,0.0,0.0,0.0,0.0,0.0,0.0,0.0,0.0,0.0,0.0
405,43.0938,0.0,0.0,0.0,0.0,0.0,0.0,0.0,0.0,0.0,0.0,0.0,0.0,0.0,0.0,0.0,0.0,0.0,0.0,0.0,0.0,0.0,0.0
406,43.201100000000004,0.0,0.0,0.0,0.0,0.0,0.0,0.0,0.0,0.0,0.0,0.0,0.0,0.0,0.0,0.0,0.0,0.0,0.0,0.0,0.0,0.0,0.0
407,43.308400000000006,0.0,0.0,0.0,0.0,0.0,0.0,0.0,0.0,0.0,0.0,0.0,0.0,0.0,0.0,0.0,0.0,0.0,0.0,0.0,0.0,0.0,0.0
408,43.4157,0.0,0.0,0.0,0.0,0.0,0.0,0.0,0.0,0.0,0.0,0.0,0.0,0.0,0.0,0.0,0.0,0.0,0.0,0.0,0.0,0.0,0.0
409,43.523,0.0,0.0,0.0,0.0,0.0,0.0,0.0,0.0,0.0,0.0,0.0,0.0,0.0,0.0,0.0,0.0,0.0,0.0,0.0,0.0,0.0,0.0
410,43.630300000000005,0.0,0.0,0.0,0.0,0.0,0.0,0.0,0.0,0.0,0.0,0.0,0.0,0.0,0.0,0.0,0.0,0.0,0.0,0.0,0.0,0.0,0.0
411,43.7376,0.0,0.0,0.0,0.0,0.0,0.0,0.0,0.0,0.0,0.0,0.0,0.0,0.0,0.0,0.0,0.0,0.0,0.0,0.0,0.0,0.0,0.0
412,43.8449,0.0,0.0,0.0,0.0,0.0,0.0,0.0,0.0,0.0,0.0,0.0,0.0,0.0,0.0,0.0,0.0,0.0,0.0,0.0,0.0,0.0,0.0
413,43.952200000000005,0.0,0.0,0.0,0.0,0.0,0.0,0.0,0.0,0.0,0.0,0.0,0.0,0.0,0.0,0.0,0.0,0.0,0.0,0.0,0.0,0.0,0.0
414,44.05950000000001,0.0,0.0,0.0,0.0,0.0,0.0,0.0,0.0,0.0,0.0,0.0,0.0,0.0,0.0,0.0,0.0,0.0,0.0,0.0,0.0,0.0,0.0
415,44.1668,0.0,0.0,0.0,0.0,0.0,0.0,0.0,0.0,0.0,0.0,0.0,0.0,0.0,0.0,0.0,0.0,0.0,0.0,0.0,0.0,0.0,0.0
416,44.274100000000004,0.0,0.0,0.0,0.0,0.0,0.0,0.0,0.0,0.0,0.0,0.0,0.0,0.0,0.0,0.0,0.0,0.0,0.0,0.0,0.0,0.0,0.0
417,44.381400000000006,0.0,0.0,0.0,0.0,0.0,0.0,0.0,0.0,0.0,0.0,0.0,0.0,0.0,0.0,0.0,0.0,0.0,0.0,0.0,0.0,0.0,0.0
418,44.4887,0.0,0.0,0.0,0.0,0.0,0.0,0.0,0.0,0.0,0.0,0.0,0.0,0.0,0.0,0.0,0.0,0.0,0.0,0.0,0.0,0.0,0.0
419,44.596000000000004,0.0,0.0,0.0,0.0,0.0,0.0,0.0,0.0,0.0,0.0,0.0,0.0,0.0,0.0,0.0,0.0,0.0,0.0,0.0,0.0,0.0,0.0
420,44.703300000000006,0.0,0.0,0.0,0.0,0.0,0.0,0.0,0.0,0.0,0.0,0.0,0.0,0.0,0.0,0.0,0.0,0.0,0.0,0.0,0.0,0.0,0.0
421,44.8106,0.0,0.0,0.0,0.0,0.0,0.0,0.0,0.0,0.0,0.0,0.0,0.0,0.0,0.0,0.0,0.0,0.0,0.0,0.0,0.0,0.0,0.0
422,44.9179,0.0,0.0,0.0,0.0,0.0,0.0,0.0,0.0,0.0,0.0,0.0,0.0,0.0,0.0,0.0,0.0,0.0,0.0,0.0,0.0,0.0,0.0
423,45.025200000000005,0.0,0.0,0.0,0.0,0.0,0.0,0.0,0.0,0.0,0.0,0.0,0.0,0.0,0.0,0.0,0.0,0.0,0.0,0.0,0.0,0.0,0.0
424,45.13250000000001,0.0,0.0,0.0,0.0,0.0,0.0,0.0,0.0,0.0,0.0,0.0,0.0,0.0,0.0,0.0,0.0,0.0,0.0,0.0,0.0,0.0,0.0
425,45.2398,0.0,0.0,0.0,0.0,0.0,0.0,0.0,0.0,0.0,0.0,0.0,0.0,0.0,0.0,0.0,0.0,0.0,0.0,0.0,0.0,0.0,0.0
426,45.347100000000005,0.0,0.0,0.0,0.0,0.0,0.0,0.0,0.0,0.0,0.0,0.0,0.0,0.0,0.0,0.0,0.0,0.0,0.0,0.0,0.0,0.0,0.0
427,45.45440000000001,0.0,0.0,0.0,0.0,0.0,0.0,0.0,0.0,0.0,0.0,0.0,0.0,0.0,0.0,0.0,0.0,0.0,0.0,0.0,0.0,0.0,0.0
428,45.5617,0.0,0.0,0.0,0.0,0.0,0.0,0.0,0.0,0.0,0.0,0.0,0.0,0.0,0.0,0.0,0.0,0.0,0.0,0.0,0.0,0.0,0.0
429,45.669000000000004,0.0,0.0,0.0,0.0,0.0,0.0,0.0,0.0,0.0,0.0,0.0,0.0,0.0,0.0,0.0,0.0,0.0,0.0,0.0,0.0,0.0,0.0
430,45.776300000000006,0.0,0.0,0.0,0.0,0.0,0.0,0.0,0.0,0.0,0.0,0.0,0.0,0.0,0.0,0.0,0.0,0.0,0.0,0.0,0.0,0.0,0.0
431,45.8836,0.0,0.0,0.0,0.0,0.0,0.0,0.0,0.0,0.0,0.0,0.0,0.0,0.0,0.0,0.0,0.0,0.0,0.0,0.0,0.0,0.0,0.0
432,45.9909,0.0,0.0,0.0,0.0,0.0,0.0,0.0,0.0,0.0,0.0,0.0,0.0,0.0,0.0,0.0,0.0,0.0,0.0,0.0,0.0,0.0,0.0
433,46.098200000000006,0.0,0.0,0.0,0.0,0.0,0.0,0.0,0.0,0.0,0.0,0.0,0.0,0.0,0.0,0.0,0.0,0.0,0.0,0.0,0.0,0.0,0.0
434,46.2055,0.0,0.0,0.0,0.0,0.0,0.0,0.0,0.0,0.0,0.0,0.0,0.0,0.0,0.0,0.0,0.0,0.0,0.0,0.0,0.0,0.0,0.0
435,46.3128,0.0,0.0,0.0,0.0,0.0,0.0,0.0,0.0,0.0,0.0,0.0,0.0,0.0,0.0,0.0,0.0,0.0,0.0,0.0,0.0,0.0,0.0
436,46.420100000000005,0.0,0.0,0.0,0.0,0.0,0.0,0.0,0.0,0.0,0.0,0.0,0.0,0.0,0.0,0.0,0.0,0.0,0.0,0.0,0.0,0.0,0.0
437,46.52740000000001,0.0,0.0,0.0,0.0,0.0,0.0,0.0,0.0,0.0,0.0,0.0,0.0,0.0,0.0,0.0,0.0,0.0,0.0,0.0,0.0,0.0,0.0
438,46.6347,0.0,0.0,0.0,0.0,0.0,0.0,0.0,0.0,0.0,0.0,0.0,0.0,0.0,0.0,0.0,0.0,0.0,0.0,0.0,0.0,0.0,0.0
439,46.742000000000004,0.0,0.0,0.0,0.0,0.0,0.0,0.0,0.0,0.0,0.0,0.0,0.0,0.0,0.0,0.0,0.0,0.0,0.0,0.0,0.0,0.0,0.0
440,46.84930000000001,0.0,0.0,0.0,0.0,0.0,0.0,0.0,0.0,0.0,0.0,0.0,0.0,0.0,0.0,0.0,0.0,0.0,0.0,0.0,0.0,0.0,0.0
441,46.9566,0.0,0.0,0.0,0.0,0.0,0.0,0.0,0.0,0.0,0.0,0.0,0.0,0.0,0.0,0.0,0.0,0.0,0.0,0.0,0.0,0.0,0.0
442,47.063900000000004,0.0,0.0,0.0,0.0,0.0,0.0,0.0,0.0,0.0,0.0,0.0,0.0,0.0,0.0,0.0,0.0,0.0,0.0,0.0,0.0,0.0,0.0
443,47.171200000000006,0.0,0.0,0.0,0.0,0.0,0.0,0.0,0.0,0.0,0.0,0.0,0.0,0.0,0.0,0.0,0.0,0.0,0.0,0.0,0.0,0.0,0.0
444,47.2785,0.0,0.0,0.0,0.0,0.0,0.0,0.0,0.0,0.0,0.0,0.0,0.0,0.0,0.0,0.0,0.0,0.0,0.0,0.0,0.0,0.0,0.0
445,47.3858,0.0,0.0,0.0,0.0,0.0,0.0,0.0,0.0,0.0,0.0,0.0,0.0,0.0,0.0,0.0,0.0,0.0,0.0,0.0,0.0,0.0,0.0
446,47.493100000000005,0.0,0.0,0.0,0.0,0.0,0.0,0.0,0.0,0.0,0.0,0.0,0.0,0.0,0.0,0.0,0.0,0.0,0.0,0.0,0.0,0.0,0.0
447,47.60040000000001,0.0,0.0,0.0,0.0,0.0,0.0,0.0,0.0,0.0,0.0,0.0,0.0,0.0,0.0,0.0,0.0,0.0,0.0,0.0,0.0,0.0,0.0
448,47.7077,0.0,0.0,0.0,0.0,0.0,0.0,0.0,0.0,0.0,0.0,0.0,0.0,0.0,0.0,0.0,0.0,0.0,0.0,0.0,0.0,0.0,0.0
449,47.815000000000005,0.0,0.0,0.0,0.0,0.0,0.0,0.0,0.0,0.0,0.0,0.0,0.0,0.0,0.0,0.0,0.0,0.0,0.0,0.0,0.0,0.0,0.0
